t,temp,humd
113605,26.4,38.4
113606,26.3,38.4
113607,26.3,38.4
113608,26.3,38.4
113609,26.3,38.4
113610,26.3,38.4
113611,26.3,38.5
113612,26.3,38.5
113613,26.3,38.5
113614,26.3,38.5
113615,26.3,38.6
113616,26.3,38.6
113617,26.3,38.6
113618,26.3,38.6
113620,26.3,38.6
113621,26.3,38.6
113622,26.3,38.7
113623,26.3,38.8
113624,26.3,38.8
113625,26.3,38.8
113626,26.3,38.8
113627,26.3,38.8
113628,26.3,38.8
113629,26.3,38.9
113630,26.3,38.9
113631,26.3,38.9
113632,26.3,38.9
113633,26.3,38.9
113634,26.3,38.9
113635,26.2,38.9
113637,26.3,38.9
113638,26.2,38.9
113639,26.3,38.9
113640,26.3,38.9
113641,26.3,38.9
113642,26.2,38.9
113643,26.3,38.9
113644,26.2,38.9
113645,26.2,38.9
113646,26.2,38.8
113647,26.3,38.9
113648,26.2,38.9
113649,26.2,38.9
113650,26.2,38.9
113651,26.2,38.9
113652,26.2,38.9
113654,26.2,38.9
113655,26.2,38.9
113656,26.2,38.9
113657,26.2,38.9
113658,26.2,38.9
113659,26.2,38.9
113700,26.2,38.9
113701,26.2,38.9
113702,26.2,38.9
113703,26.2,38.9
113704,26.2,38.9
113705,26.2,38.9
113706,26.2,39.0
113707,26.2,39.0
113708,26.2,39.0
113709,26.2,39.0
113711,26.2,39.0
113712,26.2,39.0
113713,26.2,39.0
113714,26.2,39.0
113715,26.2,39.0
113716,26.2,39.0
113717,26.2,39.0
113718,26.2,39.0
113719,26.2,39.0
113720,26.2,39.0
113721,26.2,39.0
113722,26.2,39.0
113723,26.2,39.0
113724,26.2,39.0
113725,26.2,39.0
113726,26.2,39.0
113728,26.2,39.0
113729,26.2,39.0
113730,26.2,39.0
113731,26.2,39.0
113732,26.2,39.0
113733,26.2,39.0
113734,26.2,39.0
113735,26.2,38.9
113736,26.2,38.9
113737,26.2,39.0
113738,26.2,39.0
113739,26.2,39.0
113740,26.2,39.0
113741,26.2,39.0
113742,26.2,39.0
113743,26.2,39.0
113745,26.2,39.0
113746,26.2,39.0
113747,26.2,39.0
113748,26.2,39.0
113749,26.2,39.1
113750,26.2,39.1
113751,26.2,39.1
113752,26.2,39.1
113753,26.2,39.1
113754,26.2,39.1
113755,26.2,39.1
113756,26.2,39.1
113757,26.2,39.1
113758,26.2,39.1
113759,26.2,39.1
113800,26.2,39.1
113802,26.2,39.1
113803,26.2,39.1
113804,26.2,39.1
113805,26.2,39.1
113806,26.2,39.1
113807,26.2,39.1
113808,26.2,39.1
113809,26.2,39.1
113810,26.2,39.2
113811,26.2,39.2
113812,26.2,39.2
113813,26.2,39.2
113814,26.2,39.2
113815,26.2,39.2
113816,26.2,39.2
113817,26.2,39.1
113819,26.1,39.1
113820,26.1,39.1
113821,26.2,39.2
113822,26.2,39.2
113823,26.1,39.1
113824,26.1,39.1
113825,26.1,39.1
113826,26.1,39.1
113827,26.2,39.1
113828,26.1,39.2
113829,26.1,39.2
113830,26.1,39.1
113831,26.1,39.1
113832,26.1,39.1
113833,26.1,39.1
113835,26.1,39.1
113836,26.1,39.1
113837,26.1,39.1
113838,26.1,39.1
113839,26.1,39.1
113840,26.1,39.1
113841,26.1,39.1
113842,26.1,39.1
113843,26.1,39.2
113844,26.1,39.2
113845,26.1,39.2
113846,26.1,39.2
113847,26.1,39.2
113848,26.1,39.2
113849,26.1,39.2
113850,26.1,39.2
113852,26.1,39.2
113853,26.1,39.2
113854,26.1,39.2
113855,26.1,39.2
113856,26.1,39.2
113857,26.1,39.2
113858,26.1,39.2
113859,26.1,39.2
113900,26.1,39.2
113901,26.1,39.3
113902,26.1,39.3
113903,26.1,39.3
113904,26.1,39.4
113905,26.1,39.4
113906,26.1,39.4
113907,26.1,39.3
113909,26.1,39.3
113910,26.1,39.2
113911,26.1,39.2
113912,26.1,39.2
113913,26.1,39.2
113914,26.1,39.2
113915,26.1,39.2
113916,26.1,39.3
113917,26.1,39.3
113918,26.1,39.3
113919,26.1,39.3
113920,26.1,39.3
113921,26.1,39.3
113922,26.1,39.3
113923,26.1,39.3
113924,26.1,39.2
113926,26.1,39.2
113927,26.1,39.2
113928,26.1,39.2
113929,26.1,39.3
113930,26.1,39.3
113931,26.1,39.3
113932,26.1,39.3
113933,26.1,39.3
113934,26.1,39.3
113935,26.1,39.3
113936,26.1,39.3
113937,26.1,39.3
113938,26.1,39.3
113939,26.1,39.3
113940,26.1,39.3
113941,26.1,39.4
113943,26.1,39.4
113944,26.1,39.4
113945,26.1,39.4
113946,26.1,39.4
113947,26.0,39.4
113948,26.1,39.4
113949,26.0,39.4
113950,26.1,39.4
113951,26.1,39.3
113952,26.1,39.3
113953,26.1,39.4
113954,26.1,39.4
113955,26.1,39.4
113956,26.1,39.4
113957,26.0,39.4
113958,26.1,39.4
114000,26.0,39.4
114001,26.1,39.4
114002,26.1,39.4
114003,26.0,39.4
114004,26.0,39.4
114005,26.0,39.4
114006,26.0,39.4
114007,26.1,39.4
114008,26.0,39.4
114009,26.0,39.4
114010,26.0,39.4
114011,26.1,39.4
114012,26.0,39.4
114013,26.0,39.4
114014,26.0,39.3
114015,26.0,39.3
114017,26.0,39.3
114018,26.0,39.3
114019,26.0,39.3
114020,26.0,39.3
114021,26.0,39.3
114022,26.0,39.4
114023,26.0,39.4
114024,26.0,39.4
114025,26.0,39.4
114026,26.0,39.4
114027,26.0,39.4
114028,26.0,39.4
114029,26.0,39.5
114030,26.0,39.4
114031,26.0,39.4
114032,26.0,39.4
114034,26.0,39.4
114035,26.0,39.4
114036,26.0,39.4
114037,26.0,39.4
114038,26.0,39.4
114039,26.0,39.4
114040,26.0,39.4
114041,26.0,39.4
114042,26.0,39.4
114043,26.0,39.4
114044,26.0,39.4
114045,26.0,39.4
114046,26.0,39.4
114047,26.0,39.4
114048,26.0,39.5
114049,26.0,39.5
114051,26.0,39.5
114052,26.0,39.5
114053,26.0,39.4
114054,26.0,39.4
114055,26.0,39.4
114056,26.0,39.4
114057,26.0,39.4
114058,26.0,39.4
114059,26.0,39.4
114100,26.0,39.3
114101,26.0,39.4
114102,26.0,39.4
114103,26.0,39.4
114104,26.0,39.4
114105,26.0,39.4
114107,26.0,39.4
114108,26.0,39.4
114109,26.0,39.4
114110,26.0,39.4
114111,26.0,39.4
114112,26.0,39.3
114113,26.0,39.3
114114,26.0,39.3
114115,26.0,39.3
114116,26.0,39.3
114117,26.0,39.3
114118,26.0,39.4
114119,26.0,39.4
114120,26.0,39.4
114121,26.0,39.5
114122,26.0,39.5
114124,26.0,39.5
114125,26.0,39.5
114126,26.0,39.5
114127,26.0,39.5
114128,26.0,39.5
114129,26.0,39.6
114130,26.0,39.5
114131,26.0,39.5
114132,26.0,39.5
114133,26.0,39.5
114134,26.0,39.5
114135,26.0,39.4
114136,26.0,39.4
114137,26.0,39.4
114138,26.0,39.4
114139,26.0,39.5
114141,26.0,39.5
114142,26.0,39.5
114143,26.0,39.5
114144,25.9,39.5
114145,26.0,39.5
114146,26.0,39.5
114147,26.0,39.5
114148,26.0,39.5
114149,26.0,39.6
114150,26.0,39.6
114151,25.9,39.6
114152,26.0,39.6
114153,25.9,39.6
114154,25.9,39.5
114155,25.9,39.5
114156,25.9,39.4
114158,25.9,39.5
114159,25.9,39.5
114200,25.9,39.6
114201,25.9,39.6
114202,25.9,39.5
114203,25.9,39.5
114204,25.9,39.5
114205,25.9,39.5
114206,25.9,39.5
114207,25.9,39.5
114208,25.9,39.5
114209,25.9,39.5
114210,25.9,39.5
114211,25.9,39.5
114212,25.9,39.6
114213,25.9,39.6
114215,25.9,39.6
114216,25.9,39.6
114217,25.9,39.6
114218,25.9,39.6
114219,25.9,39.6
114220,25.9,39.6
114221,25.9,39.6
114222,25.9,39.6
114223,25.9,39.5
114224,25.9,39.6
114225,25.9,39.6
114226,25.9,39.5
114227,25.9,39.5
114228,25.9,39.5
114229,25.9,39.5
114230,25.9,39.5
114232,25.9,39.5
114233,25.9,39.6
114234,25.9,39.6
114235,25.9,39.6
114236,25.9,39.6
114237,25.9,39.6
114238,25.9,39.6
114239,25.9,39.6
114240,25.9,39.6
114241,25.9,39.6
114242,25.9,39.6
114243,25.9,39.6
114244,25.9,39.5
114245,25.9,39.5
114246,25.9,39.5
114247,25.9,39.5
114249,25.9,39.5
114250,25.9,39.5
114251,25.9,39.5
114252,25.9,39.5
114253,25.9,39.5
114254,25.9,39.5
114255,25.9,39.5
114256,25.9,39.5
114257,25.9,39.5
114258,25.9,39.5
114259,25.9,39.5
114300,25.9,39.5
114301,25.9,39.5
114302,25.9,39.6
114303,25.9,39.6
114304,25.9,39.6
114306,25.9,39.6
114307,25.9,39.6
114308,25.9,39.6
114309,25.9,39.6
114310,25.9,39.6
114311,25.9,39.6
114312,25.9,39.6
114313,25.9,39.6
114314,25.9,39.6
114315,25.9,39.6
114316,25.9,39.6
114317,25.9,39.6
114318,25.9,39.6
114319,25.9,39.6
114320,25.9,39.6
114322,25.9,39.6
114323,25.9,39.5
114324,25.9,39.5
114325,25.9,39.5
114326,25.9,39.4
114327,25.9,39.4
114328,25.9,39.4
114329,25.9,39.5
114330,25.9,39.5
114331,25.9,39.5
114332,25.9,39.5
114333,25.9,39.5
114334,25.9,39.5
114335,25.9,39.5
114336,25.9,39.5
114337,25.9,39.5
114339,25.9,39.4
114340,25.9,39.4
114341,25.9,39.4
114342,25.9,39.4
114343,25.9,39.4
114344,25.9,39.5
114345,25.9,39.5
114346,25.9,39.6
114347,25.9,39.6
114348,25.9,39.5
114349,25.9,39.5
114350,25.9,39.5
114351,25.9,39.5
114352,25.9,39.5
114353,25.9,39.5
114354,25.9,39.5
114356,25.9,39.5
114357,25.9,39.6
114358,25.9,39.6
114359,25.8,39.6
114400,25.9,39.6
114401,25.9,39.6
114402,25.9,39.6
114403,25.9,39.5
114404,25.9,39.6
114405,25.9,39.5
114406,25.9,39.5
114407,25.9,39.5
114408,25.9,39.5
114409,25.8,39.5
114410,25.8,39.5
114411,25.9,39.5
114413,25.8,39.5
114414,25.9,39.5
114415,25.8,39.5
114416,25.8,39.5
114417,25.9,39.5
114418,25.9,39.5
114419,25.8,39.4
114420,25.8,39.5
114421,25.8,39.5
114422,25.8,39.5
114423,25.8,39.5
114424,25.8,39.5
114425,25.8,39.5
114426,25.8,39.5
114427,25.8,39.6
114428,25.8,39.6
114430,25.8,39.6
114431,25.8,39.6
114432,25.8,39.6
114433,25.8,39.5
114434,25.8,39.5
114435,25.8,39.5
114436,25.8,39.5
114437,25.8,39.5
114438,25.8,39.5
114439,25.8,39.5
114440,25.8,39.5
114441,25.8,39.5
114442,25.8,39.5
114443,25.8,39.5
114444,25.8,39.5
114445,25.8,39.5
114447,25.8,39.6
114448,25.8,39.6
114449,25.8,39.6
114450,25.8,39.6
114451,25.8,39.6
114452,25.8,39.6
114453,25.8,39.6
114454,25.8,39.6
114455,25.8,39.6
114456,25.8,39.6
114457,25.8,39.6
114458,25.8,39.6
114459,25.8,39.6
114500,25.8,39.6
114501,25.8,39.6
114502,25.8,39.6
114504,25.8,39.6
114505,25.8,39.6
114506,25.8,39.6
114507,25.8,39.6
114508,25.8,39.6
114509,25.8,39.6
114510,25.8,39.6
114511,25.8,39.6
114512,25.8,39.6
114513,25.8,39.6
114514,25.8,39.6
114515,25.8,39.5
114516,25.8,39.6
114517,25.8,39.6
114518,25.8,39.6
114519,25.8,39.6
114521,25.8,39.6
114522,25.8,39.5
114523,25.8,39.5
114524,25.8,39.5
114525,25.8,39.5
114526,25.8,39.5
114527,25.8,39.6
114528,25.8,39.6
114529,25.8,39.6
114530,25.8,39.6
114531,25.8,39.6
114532,25.8,39.5
114533,25.8,39.5
114534,25.8,39.5
114535,25.8,39.5
114536,25.8,39.5
114538,25.8,39.5
114539,25.8,39.5
114540,25.8,39.5
114541,25.8,39.5
114542,25.8,39.5
114543,25.8,39.5
114544,25.8,39.5
114545,25.8,39.5
114546,25.8,39.5
114547,25.8,39.5
114548,25.8,39.5
114549,25.8,39.5
114550,25.8,39.5
114551,25.8,39.5
114552,25.8,39.6
114553,25.8,39.6
114555,25.8,39.6
114556,25.8,39.6
114557,25.7,39.6
114558,25.8,39.6
114559,25.7,39.6
114600,25.7,39.6
114601,25.7,39.6
114602,25.7,39.6
114603,25.7,39.5
114604,25.7,39.5
114605,25.7,39.5
114606,25.7,39.5
114607,25.7,39.6
114608,25.7,39.6
114609,25.7,39.6
114611,25.7,39.6
114612,25.7,39.6
114613,25.7,39.6
114614,25.7,39.6
114615,25.7,39.6
114616,25.7,39.7
114617,25.7,39.7
114618,25.7,39.7
114619,25.7,39.7
114620,25.7,39.7
114621,25.7,39.6
114622,25.7,39.5
114623,25.7,39.5
114624,25.7,39.6
114625,25.7,39.6
114626,25.7,39.6
114628,25.7,39.6
114629,25.7,39.6
114630,25.7,39.7
114631,25.7,39.7
114632,25.7,39.7
114633,25.7,39.8
114634,25.7,39.8
114635,25.7,39.8
114636,25.7,39.8
114637,25.7,39.8
114638,25.7,39.8
114639,25.7,39.8
114640,25.7,39.8
114641,25.7,39.8
114642,25.7,39.7
114643,25.7,39.7
114645,25.7,39.7
114646,25.7,39.7
114647,25.7,39.7
114648,25.7,39.7
114649,25.7,39.7
114650,25.7,39.7
114651,25.7,39.7
114652,25.7,39.7
114653,25.7,39.7
114654,25.7,39.7
114655,25.7,39.7
114656,25.7,39.7
114657,25.7,39.7
114658,25.7,39.8
114659,25.7,39.8
114700,25.7,39.8
114702,25.7,39.8
114703,25.7,39.8
114704,25.7,39.8
114705,25.7,39.7
114706,25.7,39.7
114707,25.7,39.7
114708,25.7,39.7
114709,25.7,39.7
114710,25.7,39.7
114711,25.7,39.7
114712,25.7,39.7
114713,25.7,39.7
114714,25.7,39.7
114715,25.7,39.7
114716,25.7,39.7
114717,25.7,39.7
114719,25.7,39.7
114720,25.7,39.7
114721,25.7,39.7
114722,25.7,39.7
114723,25.7,39.7
114724,25.7,39.7
114725,25.7,39.7
114726,25.7,39.7
114727,25.7,39.7
114728,25.7,39.7
114729,25.7,39.7
114730,25.7,39.7
114731,25.7,39.7
114732,25.7,39.7
114733,25.7,39.7
114734,25.7,39.7
114736,25.7,39.7
114737,25.7,39.7
114738,25.7,39.7
114739,25.7,39.7
114740,25.7,39.6
114741,25.7,39.6
114742,25.7,39.6
114743,25.7,39.6
114744,25.7,39.6
114745,25.7,39.7
114746,25.7,39.7
114747,25.7,39.6
114748,25.7,39.7
114749,25.7,39.7
114750,25.6,39.7
114751,25.7,39.8
114753,25.6,39.8
114754,25.7,39.8
114755,25.6,39.7
114756,25.6,39.7
114757,25.7,39.7
114758,25.6,39.7
114759,25.7,39.7
114800,25.6,39.7
114801,25.6,39.7
114802,25.6,39.7
114803,25.7,39.7
114804,25.6,39.8
114805,25.7,39.8
114806,25.6,39.8
114807,25.6,39.8
114808,25.6,39.8
114810,25.6,39.8
114811,25.6,39.8
114812,25.6,39.8
114813,25.6,39.7
114814,25.6,39.7
114815,25.6,39.7
114816,25.6,39.8
114817,25.6,39.8
114818,25.6,39.8
114819,25.6,39.8
114820,25.6,39.8
114821,25.6,39.8
114822,25.6,39.9
114823,25.6,39.9
114824,25.6,39.9
114825,25.6,39.9
114827,25.6,39.9
114828,25.6,39.9
114829,25.6,39.9
114830,25.6,39.9
114831,25.6,39.9
114832,25.6,39.9
114833,25.6,39.9
114834,25.6,39.8
114835,25.6,39.8
114836,25.6,39.8
114837,25.6,39.8
114838,25.6,39.8
114839,25.6,39.8
114840,25.6,39.8
114841,25.6,39.8
114843,25.6,39.8
114844,25.6,39.8
114845,25.6,39.8
114846,25.6,39.8
114847,25.6,39.8
114848,25.6,39.8
114849,25.6,39.8
114850,25.6,39.8
114851,25.6,39.8
114852,25.6,39.7
114853,25.6,39.7
114854,25.6,39.7
114855,25.6,39.7
114856,25.6,39.7
114857,25.6,39.7
114858,25.6,39.8
114900,25.6,39.8
114901,25.6,39.8
114902,25.6,39.8
114903,25.6,39.8
114904,25.6,39.8
114905,25.6,39.8
114906,25.6,39.8
114907,25.6,39.8
114908,25.6,39.7
114909,25.6,39.7
114910,25.6,39.7
114911,25.6,39.7
114912,25.6,39.7
114913,25.6,39.7
114914,25.6,39.7
114915,25.6,39.7
114917,25.6,39.7
114918,25.6,39.8
114919,25.6,39.8
114920,25.6,39.8
114921,25.6,39.8
114922,25.6,39.8
114923,25.6,39.8
114924,25.6,39.8
114925,25.6,39.8
114926,25.6,39.8
114927,25.6,39.8
114928,25.6,39.8
114929,25.6,39.8
114930,25.6,39.8
114931,25.6,39.8
114932,25.6,39.9
114934,25.6,39.9
114935,25.6,39.8
114936,25.6,39.8
114937,25.6,39.8
114938,25.6,39.8
114939,25.6,39.8
114940,25.6,39.8
114941,25.6,39.8
114942,25.6,39.9
114943,25.6,39.9
114944,25.6,39.9
114945,25.6,39.9
114946,25.6,39.9
114947,25.6,39.8
114948,25.6,39.9
114949,25.6,39.9
114951,25.6,39.8
114952,25.6,39.8
114953,25.6,39.8
114954,25.6,39.8
114955,25.6,39.8
114956,25.6,39.8
114957,25.6,39.7
114958,25.6,39.7
114959,25.6,39.7
115000,25.6,39.7
115001,25.6,39.8
115002,25.6,39.8
115003,25.6,39.8
115004,25.6,39.8
115005,25.6,39.8
115006,25.6,39.7
115008,25.6,39.7
115009,25.6,39.7
115010,25.5,39.7
115011,25.6,39.7
115012,25.6,39.7
115013,25.6,39.7
115014,25.6,39.8
115015,25.6,39.8
115016,25.5,39.8
115017,25.6,39.8
115018,25.6,39.8
115019,25.6,39.8
115020,25.6,39.8
115021,25.6,39.8
115022,25.6,39.8
115023,25.6,39.8
115025,25.6,39.8
115026,25.5,39.8
115027,25.6,39.8
115028,25.5,39.8
115029,25.5,39.9
115030,25.5,39.9
115031,25.5,39.9
115032,25.5,39.9
115033,25.6,39.9
115034,25.5,39.9
115035,25.5,39.9
115036,25.5,39.9
115037,25.5,39.9
115038,25.5,39.8
115039,25.5,39.8
115040,25.6,39.8
115042,25.5,39.8
115043,25.5,39.8
115044,25.5,39.8
115045,25.5,39.8
115046,25.5,39.8
115047,25.5,39.9
115048,25.5,39.9
115049,25.5,39.9
115050,25.5,39.9
115051,25.5,39.8
115052,25.5,39.8
115053,25.5,39.8
115054,25.5,39.8
115055,25.5,39.8
115056,25.5,39.8
115058,25.5,39.8
115059,25.5,39.8
115100,25.5,39.8
115101,25.5,39.8
115102,25.5,39.8
115103,25.5,39.9
115104,25.5,39.9
115105,25.5,39.9
115106,25.5,39.9
115107,25.5,39.9
115108,25.5,39.9
115109,25.5,39.9
115110,25.5,39.9
115111,25.5,39.9
115112,25.5,39.9
115113,25.5,39.8
115115,25.5,39.8
115116,25.5,39.8
115117,25.5,39.8
115118,25.5,39.8
115119,25.5,39.8
115120,25.5,39.8
115121,25.5,39.8
115122,25.5,39.8
115123,25.5,39.9
115124,25.5,39.9
115125,25.5,39.9
115126,25.5,40.0
115127,25.5,40.0
115128,25.5,39.9
115129,25.5,39.9
115130,25.5,39.9
115132,25.5,39.9
115133,25.5,39.9
115134,25.5,39.9
115135,25.5,39.9
115136,25.5,39.9
115137,25.5,39.9
115138,25.5,39.9
115139,25.5,39.9
115140,25.5,39.9
115141,25.5,40.0
115142,25.5,40.0
115143,25.5,40.0
115144,25.5,40.0
115145,25.5,40.0
115146,25.5,40.0
115147,25.5,40.0
115149,25.5,40.0
115150,25.5,40.0
115151,25.5,40.0
115152,25.5,40.0
115153,25.5,40.0
115154,25.5,40.0
115155,25.5,40.0
115156,25.5,40.0
115157,25.5,40.0
115158,25.5,40.0
115159,25.5,40.0
115200,25.5,39.9
115201,25.5,40.0
115202,25.4,40.0
115203,25.5,40.1
115204,25.5,40.1
115206,25.5,40.1
115207,25.5,40.1
115208,25.5,40.1
115209,25.5,40.1
115210,25.5,40.1
115211,25.5,40.0
115212,25.5,40.0
115213,25.5,40.0
115214,25.5,40.0
115215,25.4,40.0
115216,25.5,40.0
115217,25.4,40.0
115218,25.4,40.0
115219,25.4,40.0
115220,25.4,40.0
115221,25.4,40.0
115223,25.4,40.0
115224,25.4,40.0
115225,25.4,40.0
115226,25.4,40.0
115227,25.4,40.0
115228,25.4,40.0
115229,25.4,40.0
115230,25.5,40.1
115231,25.4,40.1
115232,25.4,40.1
115233,25.4,40.0
115234,25.4,40.1
115235,25.4,40.1
115236,25.4,40.1
115237,25.4,40.1
115238,25.4,40.1
115240,25.4,40.1
115241,25.4,40.1
115242,25.4,40.1
115243,25.4,40.1
115244,25.4,40.1
115245,25.4,40.1
115246,25.4,40.1
115247,25.4,40.0
115248,25.4,40.0
115249,25.4,40.0
115250,25.4,40.0
115251,25.4,40.0
115252,25.4,40.0
115253,25.4,40.0
115254,25.4,40.0
115255,25.4,40.0
115257,25.4,40.0
115258,25.4,40.0
115259,25.4,40.0
115300,25.4,40.0
115301,25.4,40.0
115302,25.4,40.0
115303,25.4,40.1
115304,25.4,40.1
115305,25.4,40.1
115306,25.4,40.1
115307,25.4,40.0
115308,25.4,40.1
115309,25.4,40.1
115310,25.4,40.1
115311,25.4,40.0
115312,25.4,40.0
115314,25.4,40.0
115315,25.4,40.0
115316,25.4,40.0
115317,25.4,40.1
115318,25.4,40.1
115319,25.4,40.0
115320,25.4,40.0
115321,25.4,40.0
115322,25.4,40.1
115323,25.4,40.1
115324,25.4,40.1
115325,25.4,40.1
115326,25.4,40.1
115327,25.4,40.0
115328,25.4,40.0
115330,25.4,40.0
115331,25.4,40.0
115332,25.4,40.0
115333,25.4,40.0
115334,25.4,40.0
115335,25.4,40.0
115336,25.4,39.9
115337,25.4,40.0
115338,25.4,40.0
115339,25.4,40.0
115340,25.4,40.0
115341,25.4,40.0
115342,25.4,40.0
115343,25.4,40.0
115344,25.4,40.0
115345,25.4,40.0
115347,25.4,40.0
115348,25.4,40.0
115349,25.4,40.0
115350,25.4,39.9
115351,25.4,39.9
115352,25.4,39.9
115353,25.4,39.9
115354,25.4,39.9
115355,25.4,39.9
115356,25.4,39.9
115357,25.4,40.0
115358,25.4,40.0
115359,25.4,40.0
115400,25.4,40.0
115401,25.4,40.0
115402,25.4,40.0
115404,25.4,40.0
115405,25.4,40.0
115406,25.4,40.0
115407,25.4,40.0
115408,25.4,40.1
115409,25.4,40.1
115410,25.4,40.0
115411,25.4,40.0
115412,25.4,40.1
115413,25.4,40.1
115414,25.4,40.1
115415,25.4,40.1
115416,25.4,40.1
115417,25.4,40.1
115418,25.4,40.2
115419,25.4,40.2
115421,25.4,40.1
115422,25.4,40.1
115423,25.4,40.1
115424,25.4,40.1
115425,25.4,40.1
115426,25.4,40.2
115427,25.4,40.2
115428,25.4,40.1
115429,25.4,40.1
115430,25.4,40.1
115431,25.4,40.1
115432,25.4,40.1
115433,25.4,40.1
115434,25.4,40.1
115435,25.4,40.1
115436,25.4,40.1
115438,25.4,40.0
115439,25.3,40.0
115440,25.4,40.0
115441,25.4,40.0
115442,25.4,40.0
115443,25.4,40.0
115444,25.4,40.1
115445,25.4,40.1
115446,25.4,40.1
115447,25.4,40.1
115448,25.4,40.1
115449,25.4,40.2
115450,25.4,40.1
115451,25.4,40.1
115452,25.4,40.1
115453,25.4,40.1
115455,25.4,40.1
115456,25.4,40.1
115457,25.4,40.1
115458,25.4,40.1
115459,25.4,40.1
115500,25.4,40.1
115501,25.4,40.1
115502,25.4,40.1
115503,25.3,40.1
115504,25.4,40.1
115505,25.4,40.1
115506,25.4,40.1
115507,25.4,40.1
115508,25.4,40.1
115509,25.4,40.1
115510,25.4,40.1
115512,25.3,40.1
115513,25.4,40.1
115514,25.4,40.1
115515,25.3,40.1
115516,25.3,40.1
115517,25.3,40.1
115518,25.3,40.0
115519,25.3,40.0
115520,25.3,40.0
115521,25.3,40.0
115522,25.3,40.0
115523,25.3,40.0
115524,25.3,40.0
115525,25.3,40.0
115526,25.3,40.1
115527,25.3,40.1
115529,25.3,40.1
115530,25.3,40.1
115531,25.3,40.1
115532,25.3,40.1
115533,25.3,40.1
115534,25.3,40.1
115535,25.3,40.1
115536,25.3,40.1
115537,25.3,40.1
115538,25.3,40.1
115539,25.3,40.1
115540,25.3,40.1
115541,25.3,40.2
115542,25.3,40.2
115543,25.3,40.2
115544,25.3,40.1
115546,25.3,40.1
115547,25.3,40.1
115548,25.3,40.1
115549,25.3,40.1
115550,25.3,40.1
115551,25.3,40.1
115552,25.3,40.1
115553,25.3,40.1
115554,25.3,40.1
115555,25.3,40.1
115556,25.3,40.1
115557,25.3,40.1
115558,25.3,40.1
115559,25.3,40.1
115600,25.3,40.1
115601,25.3,40.1
115603,25.3,40.1
115604,25.3,40.1
115605,25.3,40.1
115606,25.3,40.1
115607,25.3,40.1
115608,25.3,40.2
115609,25.3,40.2
115610,25.3,40.2
115611,25.3,40.2
115612,25.3,40.2
115613,25.3,40.2
115614,25.3,40.3
115615,25.3,40.3
115616,25.3,40.2
115617,25.3,40.2
115619,25.3,40.3
115620,25.3,40.3
115621,25.3,40.2
115622,25.3,40.2
115623,25.3,40.2
115624,25.3,40.1
115625,25.3,40.1
115626,25.3,40.1
115627,25.3,40.1
115628,25.3,40.2
115629,25.3,40.2
115630,25.3,40.2
115631,25.3,40.2
115632,25.3,40.2
115633,25.3,40.2
115634,25.3,40.2
115636,25.3,40.2
115637,25.3,40.2
115638,25.3,40.2
115639,25.3,40.2
115640,25.3,40.2
115641,25.3,40.2
115642,25.3,40.2
115643,25.3,40.2
115644,25.3,40.2
115645,25.3,40.2
115646,25.3,40.2
115647,25.3,40.2
115648,25.3,40.2
115649,25.3,40.2
115650,25.3,40.2
115651,25.3,40.2
115653,25.3,40.2
115654,25.3,40.2
115655,25.3,40.2
115656,25.3,40.2
115657,25.3,40.2
115658,25.3,40.3
115659,25.3,40.2
115700,25.3,40.2
115701,25.3,40.2
115702,25.3,40.2
115703,25.3,40.2
115704,25.3,40.3
115705,25.3,40.3
115706,25.3,40.3
115707,25.3,40.3
115708,25.3,40.3
115710,25.3,40.3
115711,25.3,40.3
115712,25.3,40.3
115713,25.3,40.3
115714,25.3,40.3
115715,25.3,40.2
115716,25.3,40.2
115717,25.3,40.2
115718,25.3,40.2
115719,25.3,40.3
115720,25.3,40.3
115721,25.2,40.3
115722,25.3,40.3
115723,25.2,40.3
115724,25.2,40.3
115725,25.2,40.3
115727,25.2,40.3
115728,25.2,40.2
115729,25.3,40.2
115730,25.2,40.3
115731,25.2,40.3
115732,25.2,40.3
115733,25.2,40.3
115734,25.2,40.2
115735,25.2,40.2
115736,25.2,40.3
115737,25.2,40.3
115738,25.2,40.3
115739,25.2,40.3
115740,25.2,40.4
115741,25.2,40.4
115742,25.2,40.3
115744,25.2,40.3
115745,25.2,40.4
115746,25.2,40.4
115747,25.2,40.4
115748,25.2,40.4
115749,25.2,40.4
115750,25.2,40.4
115751,25.2,40.4
115752,25.2,40.4
115753,25.2,40.4
115754,25.2,40.4
115755,25.2,40.4
115756,25.2,40.4
115757,25.2,40.4
115758,25.2,40.4
115759,25.2,40.4
115801,25.2,40.4
115802,25.2,40.4
115803,25.2,40.4
115804,25.2,40.4
115805,25.2,40.4
115806,25.2,40.4
115807,25.2,40.4
115808,25.2,40.4
115809,25.2,40.4
115810,25.2,40.3
115811,25.2,40.3
115812,25.2,40.3
115813,25.2,40.3
115814,25.2,40.3
115815,25.2,40.3
115816,25.2,40.4
115818,25.2,40.4
115819,25.2,40.4
115820,25.2,40.4
115821,25.2,40.4
115822,25.2,40.4
115823,25.2,40.4
115824,25.2,40.4
115825,25.2,40.4
115826,25.2,40.4
115827,25.2,40.4
115828,25.2,40.3
115829,25.2,40.3
115830,25.2,40.3
115831,25.2,40.3
115832,25.2,40.3
115834,25.2,40.3
115835,25.2,40.3
115836,25.2,40.3
115837,25.2,40.3
115838,25.2,40.3
115839,25.2,40.3
115840,25.2,40.3
115841,25.2,40.3
115842,25.2,40.3
115843,25.2,40.3
115844,25.2,40.3
115845,25.2,40.3
115846,25.2,40.3
115847,25.2,40.4
115848,25.2,40.4
115849,25.2,40.4
115851,25.2,40.4
115852,25.2,40.4
115853,25.2,40.3
115854,25.2,40.3
115855,25.2,40.3
115856,25.2,40.3
115857,25.2,40.3
115858,25.2,40.3
115859,25.2,40.3
115900,25.2,40.3
115901,25.2,40.3
115902,25.2,40.3
115903,25.2,40.3
115904,25.2,40.3
115905,25.2,40.3
115906,25.2,40.3
115908,25.2,40.3
115909,25.2,40.4
115910,25.2,40.4
115911,25.2,40.4
115912,25.2,40.4
115913,25.2,40.4
115914,25.2,40.4
115915,25.2,40.4
115916,25.2,40.4
115917,25.2,40.4
115918,25.2,40.4
115919,25.2,40.4
115920,25.2,40.4
115921,25.2,40.4
115922,25.2,40.3
115923,25.2,40.3
115925,25.2,40.3
115926,25.2,40.4
115927,25.2,40.3
115928,25.2,40.4
115929,25.2,40.4
115930,25.2,40.4
115931,25.2,40.4
115932,25.2,40.4
115933,25.2,40.4
115934,25.2,40.4
115935,25.2,40.4
115936,25.2,40.4
115937,25.2,40.4
115938,25.2,40.4
115939,25.2,40.4
115940,25.2,40.4
115942,25.2,40.5
115943,25.2,40.5
115944,25.2,40.5
115945,25.2,40.5
115946,25.2,40.5
115947,25.2,40.5
115948,25.1,40.5
115949,25.1,40.5
115950,25.2,40.5
115951,25.2,40.5
115952,25.2,40.5
115953,25.2,40.4
115954,25.2,40.4
115955,25.1,40.4
115956,25.2,40.4
115957,25.2,40.4
115959,25.2,40.4
120000,25.2,40.4
120001,25.2,40.4
120002,25.2,40.4
120003,25.2,40.4
120004,25.2,40.4
120005,25.2,40.4
120006,25.2,40.3
120007,25.2,40.4
120008,25.2,40.4
120009,25.2,40.4
120010,25.2,40.4
120011,25.2,40.4
120012,25.2,40.4
120013,25.2,40.4
120014,25.2,40.4
120016,25.1,40.4
120017,25.2,40.4
120018,25.1,40.4
120019,25.2,40.4
120020,25.2,40.4
120021,25.1,40.4
120022,25.2,40.4
120023,25.2,40.4
120024,25.1,40.5
120025,25.2,40.5
120026,25.1,40.5
120027,25.2,40.5
120028,25.1,40.5
120029,25.1,40.5
120030,25.1,40.5
120031,25.1,40.5
120033,25.1,40.5
120034,25.1,40.4
120035,25.1,40.4
120036,25.1,40.4
120037,25.1,40.4
120038,25.1,40.4
120039,25.1,40.5
120040,25.1,40.5
120041,25.1,40.5
120042,25.1,40.5
120043,25.1,40.5
120044,25.1,40.5
120045,25.1,40.5
120046,25.1,40.5
120047,25.1,40.5
120048,25.1,40.5
120050,25.1,40.4
120051,25.1,40.4
120052,25.1,40.4
120053,25.1,40.5
120054,25.1,40.5
120055,25.1,40.6
120056,25.1,40.6
120057,25.1,40.6
120058,25.1,40.6
120059,25.1,40.6
120100,25.1,40.6
120101,25.1,40.5
120102,25.1,40.5
120103,25.1,40.5
120104,25.1,40.5
120106,25.1,40.5
120107,25.1,40.5
120108,25.1,40.5
120109,25.1,40.5
120110,25.1,40.5
120111,25.1,40.6
120112,25.1,40.5
120113,25.1,40.5
120114,25.1,40.5
120115,25.1,40.5
120116,25.1,40.5
120117,25.1,40.5
120118,25.1,40.5
120119,25.1,40.5
120120,25.1,40.5
120121,25.1,40.5
120123,25.1,40.5
120124,25.1,40.5
120125,25.1,40.5
120126,25.1,40.5
120127,25.1,40.4
120128,25.1,40.4
120129,25.1,40.5
120130,25.1,40.5
120131,25.1,40.5
120132,25.1,40.5
120133,25.1,40.5
120134,25.1,40.5
120135,25.1,40.5
120136,25.1,40.5
120137,25.1,40.5
120138,25.1,40.5
120140,25.1,40.5
120141,25.1,40.5
120142,25.1,40.5
120143,25.1,40.5
120144,25.1,40.5
120145,25.1,40.5
120146,25.1,40.5
120147,25.1,40.6
120148,25.1,40.6
120149,25.1,40.6
120150,25.1,40.6
120151,25.1,40.6
120152,25.1,40.6
120153,25.1,40.6
120154,25.1,40.6
120155,25.1,40.5
120157,25.1,40.5
120158,25.1,40.5
120159,25.1,40.5
120200,25.1,40.6
120201,25.1,40.6
120202,25.1,40.6
120203,25.1,40.6
120204,25.1,40.6
120205,25.1,40.6
120206,25.1,40.5
120207,25.1,40.5
120208,25.1,40.5
120209,25.1,40.5
120210,25.1,40.5
120211,25.1,40.5
120212,25.1,40.6
120214,25.1,40.6
120215,25.1,40.6
120216,25.1,40.6
120217,25.1,40.6
120218,25.1,40.6
120219,25.1,40.6
120220,25.1,40.6
120221,25.1,40.6
120222,25.1,40.6
120223,25.1,40.6
120224,25.1,40.6
120225,25.1,40.5
120226,25.1,40.5
120227,25.1,40.5
120228,25.1,40.5
120229,25.1,40.5
120231,25.1,40.5
120232,25.1,40.5
120233,25.1,40.5
120234,25.1,40.5
120235,25.1,40.6
120236,25.1,40.6
120237,25.1,40.6
120238,25.1,40.6
120239,25.1,40.6
120240,25.1,40.6
120241,25.1,40.6
120242,25.1,40.6
120243,25.1,40.6
120244,25.1,40.6
120245,25.1,40.6
120246,25.1,40.6
120248,25.0,40.6
120249,25.0,40.6
120250,25.1,40.6
120251,25.1,40.6
120252,25.0,40.6
120253,25.0,40.6
120254,25.0,40.6
120255,25.0,40.6
120256,25.0,40.6
120257,25.0,40.6
120258,25.0,40.6
120259,25.0,40.6
120300,25.0,40.6
120301,25.0,40.6
120302,25.0,40.6
120303,25.0,40.6
120305,25.0,40.6
120306,25.0,40.6
120307,25.0,40.6
120308,25.0,40.6
120309,25.0,40.6
120310,25.0,40.6
120311,25.0,40.6
120312,25.0,40.6
120313,25.0,40.6
120314,25.0,40.6
120315,25.0,40.6
120316,25.0,40.6
120317,25.0,40.7
120318,25.0,40.7
120319,25.0,40.7
120320,25.0,40.7
120322,25.0,40.7
120323,25.0,40.7
120324,25.0,40.7
120325,25.0,40.7
120326,25.0,40.7
120327,25.0,40.7
120328,25.0,40.7
120329,25.0,40.7
120330,25.0,40.7
120331,25.0,40.7
120332,25.0,40.7
120333,25.0,40.7
120334,25.0,40.7
120335,25.0,40.7
120336,25.0,40.7
120337,25.0,40.7
120339,25.0,40.7
120340,25.0,40.7
120341,25.0,40.7
120342,25.0,40.7
120343,25.0,40.7
120344,25.0,40.7
120345,25.0,40.7
120346,25.0,40.7
120347,25.0,40.7
120348,25.0,40.7
120349,25.0,40.7
120350,25.0,40.7
120351,25.0,40.7
120352,25.0,40.7
120353,25.0,40.7
120355,25.0,40.7
120356,25.0,40.7
120357,25.0,40.7
120358,25.0,40.7
120359,25.0,40.7
120400,25.0,40.7
120401,25.0,40.7
120402,25.0,40.7
120403,25.0,40.7
120404,25.0,40.7
120405,25.0,40.7
120406,25.0,40.7
120407,25.0,40.7
120408,25.0,40.7
120409,25.0,40.7
120410,25.0,40.7
120412,25.0,40.7
120413,25.0,40.7
120414,25.0,40.7
120415,25.0,40.7
120416,25.0,40.7
120417,25.0,40.7
120418,25.0,40.7
120419,25.0,40.7
120420,25.0,40.7
120421,25.0,40.7
120422,25.0,40.7
120423,25.0,40.7
120424,25.0,40.7
120425,25.0,40.7
120426,25.0,40.7
120427,25.0,40.7
120429,25.0,40.7
120430,25.0,40.7
120431,25.0,40.7
120432,25.0,40.7
120433,25.0,40.7
120434,25.0,40.7
120435,25.0,40.7
120436,25.0,40.7
120437,25.0,40.7
120438,25.0,40.7
120439,25.0,40.7
120440,25.0,40.7
120441,25.0,40.7
120442,25.0,40.7
120443,25.0,40.7
120444,25.0,40.7
120446,25.0,40.7
120447,25.0,40.7
120448,25.0,40.6
120449,25.0,40.6
120450,25.0,40.7
120451,25.0,40.7
120452,25.0,40.7
120453,25.0,40.7
120454,25.0,40.7
120455,25.0,40.7
120456,25.0,40.7
120457,25.0,40.7
120458,25.0,40.7
120459,25.0,40.7
120500,25.0,40.7
120501,25.0,40.7
120503,25.0,40.7
120504,25.0,40.7
120505,25.0,40.7
120506,25.0,40.7
120507,25.0,40.7
120508,25.0,40.8
120509,25.0,40.8
120510,25.0,40.8
120511,25.0,40.8
120512,25.0,40.7
120513,25.0,40.7
120514,25.0,40.7
120515,25.0,40.8
120516,25.0,40.8
120517,25.0,40.8
120518,25.0,40.8
120520,25.0,40.7
120521,25.0,40.8
120522,25.0,40.8
120523,25.0,40.7
120524,25.0,40.7
120525,25.0,40.7
120526,25.0,40.7
120527,25.0,40.6
120528,25.0,40.6
120529,25.0,40.6
120530,25.0,40.7
120531,25.0,40.7
120532,25.0,40.7
120533,25.0,40.7
120534,25.0,40.7
120535,25.0,40.7
120537,25.0,40.7
120538,25.0,40.7
120539,25.0,40.7
120540,25.0,40.7
120541,25.0,40.7
120542,25.0,40.7
120543,25.0,40.7
120544,25.0,40.7
120545,25.0,40.7
120546,25.0,40.7
120547,25.0,40.7
120548,25.0,40.7
120549,25.0,40.7
120550,24.9,40.7
120551,25.0,40.7
120552,25.0,40.7
120554,25.0,40.7
120555,25.0,40.7
120556,25.0,40.8
120557,25.0,40.7
120558,25.0,40.7
120559,25.0,40.7
120600,25.0,40.8
120601,24.9,40.8
120602,24.9,40.8
120603,25.0,40.7
120604,25.0,40.7
120605,25.0,40.7
120606,25.0,40.7
120607,25.0,40.7
120608,25.0,40.7
120610,25.0,40.8
120611,24.9,40.8
120612,25.0,40.8
120613,25.0,40.8
120614,25.0,40.8
120615,24.9,40.8
120616,24.9,40.8
120617,24.9,40.8
120618,24.9,40.8
120619,24.9,40.9
120620,24.9,40.9
120621,24.9,40.8
120622,24.9,40.8
120623,24.9,40.8
120624,25.0,40.8
120625,24.9,40.8
120627,24.9,40.8
120628,24.9,40.8
120629,25.0,40.8
120630,24.9,40.8
120631,24.9,40.8
120632,24.9,40.8
120633,24.9,40.8
120634,24.9,40.8
120635,24.9,40.8
120636,24.9,40.8
120637,24.9,40.8
120638,24.9,40.8
120639,24.9,40.8
120640,24.9,40.8
120641,24.9,40.8
120642,24.9,40.8
120644,24.9,40.8
120645,24.9,40.8
120646,24.9,40.8
120647,24.9,40.8
120648,24.9,40.8
120649,24.9,40.8
120650,24.9,40.8
120651,24.9,40.8
120652,24.9,40.8
120653,24.9,40.8
120654,24.9,40.8
120655,24.9,40.8
120656,24.9,40.9
