4.298
3.236
4.006
4.177
3.966
4.095
4.128
4.045
4.143
4.091
4.166
4.012
4.140
3.985
4.238
4.105
4.111
3.998
5.149
3.023
4.254
3.970
4.075
4.199
3.962
4.108
4.072
4.067
4.113
4.118
4.057
4.086
4.152
4.089
4.046
4.148
4.089
4.062
4.039
4.163
4.086
4.122
4.027
4.130
4.102
4.109
4.109
4.062
4.125
4.093
4.043
4.150
4.105
3.995
4.107
4.047
4.122
4.080
4.127
4.090
4.062
4.085
4.121
4.093
4.069
4.120
4.092
4.059
4.180
4.039
4.073
4.125
4.057
4.101
4.102
4.086
4.096
4.094
4.092
4.116
4.054
4.126
4.105
4.046
4.070
4.107
4.088
4.110
4.095
4.145
4.024
4.100
4.080
4.105
4.122
4.083
4.080
4.094
4.062
4.145
4.078
4.086
4.086
4.101
4.075
4.089
4.085
4.111
4.089
4.069
4.140
4.067
4.082
4.076
4.099
4.152
4.094
4.080
4.042
4.145
4.036
4.085
4.103
4.129
4.079
4.083
4.082
4.132
4.051
4.083
4.105
4.144
4.049
4.092
4.101
4.083
4.081
4.068
4.106
4.129
4.058
4.160
4.048
4.066
4.134
4.051
4.094
4.080
4.115
4.075
4.090
4.082
4.121
4.098
4.060
4.090
4.105
4.076
4.101
4.108
4.079
4.100
4.144
4.040
4.107
4.071
4.101
4.094
4.109
4.067
4.080
4.101
4.126
4.062
4.092
4.121
4.111
4.093
4.105
4.013
4.137
4.054
4.057
4.156
4.046
4.090
4.075
4.100
4.134
4.073
4.062
4.111
4.089
4.096
4.075
4.098
4.090
4.093
4.089
4.125
4.068
4.093
4.096
4.088
4.126
4.093
4.069
4.122
4.089
4.056
4.079
4.099
4.150
4.049
4.154
4.025
4.093
4.110
4.071
4.103
4.081
4.100
4.089
4.105
4.072
4.126
4.057
4.098
4.102
4.106
4.082
4.089
4.071
4.118
4.077
4.146
4.125
4.067
4.062
4.067
4.082
4.111
4.107
4.091
4.058
4.115
4.081
4.092
4.066
4.128
4.048
4.094
4.091
4.149
4.102
4.028
4.136
4.043
4.169
4.025
4.087
4.070
4.135
4.094
4.077
4.086
4.112
4.062
4.091
4.080
4.140
4.047
4.093
4.118
4.086
4.068
4.121
4.108
4.100
4.039
4.140
4.075
4.102
4.047
4.107
4.096
4.091
4.182
4.015
4.084
4.078
4.120
4.083
4.086
4.110
4.067
4.077
4.128
4.097
4.077
4.086
4.099
4.421
3.750
4.106
4.074
4.091
4.118
4.135
4.051
4.068
4.108
4.097
4.073
4.105
4.101
4.095
4.066
4.106
4.107
4.069
4.102
4.092
4.104
4.088
4.105
4.074
4.117
4.082
4.122
4.033
4.117
4.095
4.071
4.100
4.119
4.052
4.098
4.107
4.097
4.080
4.098
4.134
4.073
4.061
4.100
4.091
4.098
4.125
4.049
4.162
4.060
4.066
4.141
4.038
4.109
4.084
4.090
4.103
4.106
4.098
4.093
4.087
4.077
4.087
4.090
4.104
4.102
4.092
4.094
4.088
4.103
4.080
4.143
4.036
4.092
4.096
4.103
4.108
4.119
4.066
4.175
4.046
4.037
4.137
4.047
4.063
4.111
4.091
4.105
4.056
4.096
4.113
4.070
4.115
4.078
4.127
4.051
4.093
4.100
4.100
4.112
4.106
4.068
4.093
4.062
4.117
4.117
4.090
4.049
4.126
4.093
4.066
4.132
4.060
4.153
4.090
4.063
4.105
4.081
4.058
4.107
4.101
4.136
4.067
4.081
4.084
4.090
4.130
4.071
4.103
4.055
4.148
4.125
4.017
4.105
4.077
4.101
4.093
4.101
4.118
4.061
4.127
4.092
4.189
4.047
4.107
3.996
4.115
4.131
4.114
4.093
4.091
4.036
4.171
4.028
4.072
4.110
4.073
4.172
4.069
4.264
3.895
4.095
4.173
4.019
4.111
4.121
4.082
4.054
4.153
4.076
4.052
4.162
4.105
4.105
4.042
4.078
4.100
4.096
4.032
4.086
4.120
4.090
4.110
4.047
4.167
4.043
4.157
4.129
3.996
4.139
4.100
4.038
4.157
4.059
4.133
3.997
4.176
4.065
4.113
4.073
4.093
4.103
4.101
4.087
4.182
3.977
4.080
4.087
4.165
4.104
4.008
4.161
4.066
4.101
4.074
4.152
4.017
4.155
4.073
4.098
4.041
4.088
4.173
4.078
4.047
4.198
3.972
4.099
4.081
4.151
4.092
4.162
3.963
4.163
4.124
4.084
4.107
4.015
4.133
4.098
4.082
4.100
4.098
4.079
4.100
4.112
4.068
4.019
4.105
4.096
4.097
4.163
4.101
4.090
4.040
4.114
4.118
4.168
4.050
4.018
4.130
4.068
4.113
4.089
4.117
4.086
4.104
4.120
4.042
4.062
4.149
4.084
4.082
4.028
4.123
4.105
4.083
4.056
4.176
4.110
4.069
4.027
4.149
4.094
4.104
4.062
4.119
4.129
4.116
4.041
4.107
4.069
4.095
4.093
4.066
4.095
4.083
4.130
4.104
4.077
4.062
4.087
4.138
4.236
3.910
4.143
4.058
4.138
4.040
4.078
4.101
4.070
4.158
4.111
4.106
4.084
4.078
4.140
4.059
4.102
4.042
4.113
4.069
4.257
4.001
3.986
4.099
4.132
4.078
4.106
4.043
4.170
4.020
4.148
4.032
4.176
4.035
4.143
4.057
4.125
4.086
4.093
4.100
4.067
4.116
4.114
4.089
4.008
4.165
4.045
4.136
4.036
4.089
4.157
4.074
4.104
4.059
4.070
4.162
4.103
4.206
3.985
4.040
4.120
4.089
4.052
4.128
4.076
4.109
4.070
4.125
4.183
3.976
4.110
4.066
4.082
4.150
4.119
4.048
4.069
4.150
4.072
4.124
4.064
4.092
4.092
4.130
4.002
4.077
4.107
4.069
4.112
4.157
4.023
4.098
4.113
4.112
4.121
4.118
4.048
4.099
4.068
4.132
4.034
4.127
4.159
4.025
4.130
4.113
4.063
4.115
4.065
4.136
4.063
4.025
4.203
4.062
4.091
4.057
4.089
4.096
4.155
4.063
4.138
4.065
4.066
4.046
4.104
4.109
4.127
4.017
4.085
4.110
4.078
4.103
4.035
4.109
4.124
4.093
4.112
4.073
4.110
4.084
4.089
4.037
4.089
4.178
4.092
4.082
4.050
4.091
4.107
4.099
4.113
4.081
4.094
4.029
4.142
4.072
4.136
4.041
4.120
4.130
4.085
4.111
4.076
4.023
4.105
4.135
4.074
4.142
4.037
4.088
4.143
4.107
4.083
4.058
4.086
4.152
4.054
4.100
4.106
4.094
4.079
4.110
4.097
4.105
4.004
4.150
4.128
4.054
4.123
4.039
4.131
4.037
4.180
4.151
4.017
4.045
4.076
4.169
4.010
4.101
4.149
4.036
4.085
4.155
4.116
4.081
4.098
4.081
4.070
4.118
4.135
4.037
4.097
4.035
4.265
3.960
4.069
4.121
4.052
4.161
4.122
4.057
4.111
4.041
4.123
4.106
4.111
4.079
4.090
4.066
4.099
4.111
4.076
4.036
4.095
4.179
3.998
4.121
4.145
4.102
4.016
4.155
4.107
4.050
4.077
4.103
4.134
4.066
4.107
4.114
4.087
4.093
4.070
4.222
4.009
4.026
4.173
4.034
4.100
4.060
4.123
4.104
4.090
4.127
4.062
4.112
4.161
3.950
4.178
4.066
4.150
4.027
4.071
4.133
4.113
4.055
4.116
4.115
4.090
4.023
4.174
4.040
4.099
4.031
4.135
4.094
4.112
4.175
4.035
4.052
4.124
4.123
4.065
4.031
4.121
4.136
4.308
3.899
4.089
4.093
4.070
4.106
4.093
4.065
4.115
4.074
4.119
4.107
4.101
4.069
4.100
4.038
4.150
4.060
4.157
4.041
4.049
4.144
4.082
4.092
4.114
4.067
4.103
4.141
4.056
4.104
4.066
4.109
4.119
4.103
4.069
4.001
4.119
4.094
4.115
4.130
4.098
4.075
4.033
4.259
3.979
4.123
4.064
4.051
4.105
4.154
4.076
4.082
4.104
4.121
4.093
4.076
4.076
4.110
4.097
4.076
4.114
4.099
4.080
4.053
4.156
4.048
4.139
4.065
4.104
4.050
4.193
4.085
4.026
4.043
4.087
4.162
4.093
4.022
4.164
4.083
4.105
4.078
4.029
4.100
4.115
4.134
4.046
4.131
4.096
4.080
4.111
4.050
4.140
4.100
4.085
4.112
4.032
4.156
4.017
4.136
4.112
4.082
4.053
4.186
4.052
4.091
4.129
4.050
4.124
4.026
4.131
4.102
4.138
3.996
4.099
4.091
4.179
4.022
4.062
4.163
4.088
4.077
4.108
4.084
4.082
4.106
4.028
4.152
4.111
4.079
4.031
4.168
4.082
4.099
4.073
4.073
4.154
4.142
4.018
4.111
4.009
4.164
4.082
4.100
4.141
4.001
4.154
4.069
4.116
4.075
4.116
4.102
4.083
4.080
4.104
4.187
4.020
4.063
4.111
4.044
4.112
4.108
4.039
4.108
4.128
4.090
4.108
4.035
4.144
4.081
4.115
4.075
4.097
4.091
4.071
4.120
4.091
4.134
4.041
4.154
4.066
4.076
4.049
4.069
4.114
4.124
4.088
4.120
4.062
4.149
4.048
4.051
4.155
4.082
4.060
4.126
4.117
4.093
4.073
4.115
4.068
4.201
4.007
4.075
4.082
4.099
4.064
4.131
4.106
4.025
4.102
4.093
4.150
4.072
4.102
4.050
4.103
4.119
4.099
4.061
4.088
4.266
3.964
4.090
4.090
4.099
4.088
4.037
4.111
4.069
4.142
4.160
3.970
4.119
4.115
4.087
4.069
4.101
4.093
4.179
3.979
4.127
4.081
4.087
4.075
4.133
4.075
4.158
4.069
4.069
4.063
4.162
4.114
4.029
4.079
4.100
4.174
4.016
4.082
4.142
4.057
4.084
4.190
3.962
4.089
4.122
4.082
4.103
4.071
4.099
4.120
4.062
4.086
4.160
4.016
4.117
4.172
4.056
4.083
4.127
4.018
4.119
4.093
4.166
4.020
4.116
4.102
4.076
4.087
4.090
4.052
4.140
4.094
4.115
4.045
4.088
4.277
3.906
4.095
4.090
4.112
4.060
4.116
4.103
4.135
4.100
4.119
4.055
4.093
4.033
4.152
4.067
4.138
4.051
4.106
4.084
4.156
4.067
4.084
4.095
4.091
4.108
4.074
4.103
4.086
4.093
4.093
4.096
4.140
4.033
4.097
4.038
4.087
4.075
4.114
4.171
3.991
4.094
4.112
4.079
4.120
4.150
4.066
4.127
4.078
4.096
4.112
4.091
4.061
4.112
4.037
4.136
4.123
4.051
4.040
4.186
4.134
4.029
4.048
4.158
4.069
4.113
4.066
4.053
4.161
4.087
4.113
4.084
4.070
4.097
4.115
4.078
4.053
4.158
4.054
4.089
4.118
4.135
4.030
4.093
4.050
4.161
4.106
4.070
4.057
4.090
4.131
4.116
4.106
4.069
4.070
4.102
4.023
4.162
4.073
4.124
4.070
4.090
4.154
4.036
4.121
4.066
4.045
4.172
4.065
4.095
4.100
4.046
4.121
4.110
4.061
4.066
4.130
4.117
4.110
4.040
4.112
4.069
4.087
4.137
4.073
4.069
4.105
4.092
4.107
4.092
4.084
4.145
4.046
4.111
4.073
4.050
4.131
4.040
4.109
4.127
4.097
4.096
4.109
4.094
4.086
4.079
4.101
4.081
4.118
4.085
4.120
4.028
4.160
4.071
4.169
3.974
4.127
4.140
4.057
4.093
4.019
4.146
4.079
4.132
4.083
4.015
4.176
4.064
4.098
4.109
4.110
4.049
4.082
4.145
4.109
4.108
4.018
4.120
4.093
4.087
4.063
4.088
4.068
4.159
4.125
4.054
4.084
4.068
4.180
4.045
4.202
3.996
4.071
4.111
4.094
4.107
4.102
4.074
4.083
4.087
4.110
4.073
4.113
4.095
4.030
4.158
4.169
4.028
4.087
4.023
4.162
4.088
4.133
4.047
4.051
4.130
4.121
4.091
4.122
3.995
4.114
4.061
4.119
4.095
4.080
4.159
3.999
4.342
3.899
4.039
4.131
4.075
4.140
4.064
4.119
4.092
4.049
4.117
4.122
4.108
4.091
4.101
4.016
4.176
4.082
4.081
4.115
4.071
4.147
4.053
4.063
4.083
4.135
4.022
4.167
4.082
4.096
4.082
4.060
4.120
4.111
4.096
4.084
4.093
4.101
4.096
4.035
4.093
4.157
4.090
4.105
4.055
4.119
4.106
4.093
4.021
4.149
4.124
4.059
4.139
3.976
4.124
4.063
4.164
4.117
4.028
4.085
4.155
4.083
4.085
4.039
4.127
4.115
4.097
4.055
4.108
4.095
4.244
3.964
4.121
4.115
3.992
4.092
4.112
4.097
4.077
4.107
4.094
4.113
4.083
4.119
4.094
4.102
4.091
4.074
4.103
4.076
4.065
4.161
4.040
4.082
4.127
4.055
4.151
4.032
4.145
4.094
4.104
4.070
4.054
4.178
4.052
4.209
4.047
3.978
4.121
4.102
4.103
4.090
4.034
4.134
4.119
4.132
3.995
4.139
4.063
4.131
4.079
4.117
4.066
4.110
4.044
4.198
4.017
4.131
4.028
4.079
4.144
4.042
4.130
4.069
4.136
4.134
4.082
4.067
4.110
4.025
4.100
4.077
4.081
4.166
4.103
4.101
4.094
4.118
4.011
4.120
4.140
4.002
4.127
4.140
4.102
4.049
4.064
4.122
4.046
4.155
4.098
4.055
4.121
4.085
4.112
4.065
4.148
4.067
4.059
4.114
4.084
4.110
4.106
4.033
4.096
4.094
4.184
4.008
4.074
4.122
4.140
4.095
4.071
4.110
4.087
4.060
4.077
4.131
4.171
4.022
4.099
4.080
4.054
4.139
4.106
4.060
4.130
4.087
4.095
4.107
4.029
4.131
4.093
4.102
4.054
4.069
4.156
4.119
4.060
4.109
4.081
4.133
4.048
4.098
4.099
4.134
4.042
4.039
4.185
4.108
4.038
4.087
4.058
4.165
4.084
4.112
4.018
4.066
4.140
4.116
4.058
4.154
4.046
4.119
4.087
4.092
4.098
4.095
4.097
4.040
4.205
4.030
4.136
4.080
4.044
4.070
4.047
4.125
4.122
4.041
4.177
4.061
4.126
4.088
4.086
4.092
4.099
4.051
4.155
4.068
4.101
4.090
4.084
4.100
4.098
4.028
4.110
4.147
4.087
4.077
4.086
4.161
4.063
4.089
4.072
4.116
4.040
4.124
4.089
4.055
4.101
4.138
4.107
4.067
4.073
4.056
4.113
4.080
4.207
4.048
4.078
4.198
4.065
3.983
4.128
4.126
4.016
4.161
4.044
4.175
4.062
4.091
4.082
4.135
3.998
4.146
4.097
4.102
4.072
4.100
4.076
4.156
4.072
4.127
4.043
4.044
4.146
4.089
4.088
4.101
4.053
4.134
4.095
4.076
4.092
4.060
4.143
4.119
4.061
4.115
4.077
4.081
4.075
4.098
4.134
4.052
4.108
4.132
4.063
4.104
4.042
4.140
4.010
4.198
4.089
4.031
4.079
4.080
4.148
4.107
4.051
4.119
4.111
4.077
4.097
4.068
4.112
4.061
4.058
4.168
4.093
4.104
4.073
4.105
4.034
4.183
4.214
3.943
4.099
4.029
4.146
4.088
4.116
4.077
4.029
4.167
4.078
4.119
4.089
4.187
4.022
4.039
4.104
4.099
4.086
4.103
4.078
4.081
4.117
4.071
4.117
4.035
4.134
4.101
4.106
4.027
4.132
4.078
4.105
4.098
4.066
4.095
4.143
4.100
4.079
4.075
4.128
4.113
4.026
4.140
4.073
4.110
4.074
4.069
4.100
4.096
4.071
4.209
3.972
4.095
4.114
4.129
4.114
4.021
4.132
4.137
4.078
4.084
4.140
3.983
4.096
4.075
4.097
4.174
4.099
4.027
4.102
4.159
4.125
4.053
4.029
4.140
4.105
4.083
4.112
4.030
4.133
4.074
4.110
4.067
4.120
4.130
4.035
4.108
4.132
4.062
4.097
4.144
4.002
4.180
4.043
4.099
4.032
4.134
4.098
4.099
4.093
4.042
4.147
4.089
4.134
4.061
4.061
4.132
4.077
4.111
4.096
4.070
4.105
4.108
4.077
4.075
4.099
4.114
4.024
4.117
4.149
4.160
3.999
4.026
4.115
4.094
4.086
4.087
4.089
4.135
4.103
4.095
4.106
4.065
4.152
4.073
4.034
4.118
4.090
4.113
4.088
4.090
4.121
4.068
4.091
4.027
4.165
4.102
4.075
4.064
4.097
4.153
4.052
4.125
4.087
4.077
4.069
4.119
4.130
4.075
4.089
4.081
4.116
4.118
4.044
4.091
4.123
4.017
4.116
4.123
4.104
4.097
4.034
4.141
4.078
4.133
4.047
4.072
4.115
4.092
4.124
4.044
4.161
4.063
4.088
4.114
4.108
4.104
4.063
4.087
4.114
4.077
4.087
4.136
4.009
4.134
4.102
4.174
3.957
4.069
4.173
4.082
4.043
4.141
4.121
4.039
4.181
4.066
4.031
4.077
4.096
4.077
4.169
4.130
4.069
4.076
4.069
4.100
4.187
3.990
4.127
4.016
4.149
4.110
4.086
4.088
4.047
4.165
4.056
4.095
4.134
4.065
4.115
4.056
4.130
4.063
4.109
4.088
4.069
4.198
4.028
4.125
4.003
4.097
4.149
4.092
4.079
4.050
4.082
4.144
4.088
4.063
4.127
4.089
4.142
4.022
4.168
4.052
4.089
4.036
4.232
4.007
4.072
4.118
4.051
4.089
4.269
4.049
4.047
4.064
4.113
4.037
4.114
4.074
4.128
4.024
4.116
4.093
4.089
4.143
4.087
4.119
4.089
4.050
4.092
4.088
4.099
4.083
4.120
4.079
4.077
4.226
3.930
4.158
4.025
4.152
4.235
3.887
4.174
4.067
4.091
4.097
4.142
4.043
4.109
4.092
4.087
4.125
4.001
4.122
4.133
4.043
4.132
4.069
4.061
4.157
4.035
4.173
4.085
4.035
4.190
4.063
4.075
4.048
4.092
4.155
4.072
4.120
4.091
4.099
4.059
4.102
4.112
4.130
4.015
4.118
4.082
4.119
4.067
4.077
4.121
4.036
4.146
4.174
3.991
4.132
4.045
4.159
4.024
4.100
4.109
4.041
4.140
4.050
4.118
4.066
4.081
4.125
4.094
4.111
4.112
4.039
4.129
4.040
4.293
3.909
4.123
4.094
4.093
4.134
4.047
4.097
4.114
4.030
4.171
4.057
4.125
4.079
4.095
4.089
4.106
4.079
4.098
4.097
4.100
4.081
4.095
4.088
4.139
4.063
4.021
4.165
4.099
4.076
4.098
4.044
4.149
4.124
4.039
4.107
4.092
4.081
4.105
4.105
4.091
4.061
4.142
4.090
4.088
4.097
4.100
4.076
4.094
4.100
4.038
4.092
4.116
4.052
4.166
4.091
4.087
4.108
4.021
4.132
4.112
4.102
4.048
4.158
4.088
4.014
4.111
4.144
4.133
4.075
4.016
4.156
4.079
4.165
4.040
4.040
4.120
4.092
4.120
4.048
4.063
4.128
4.126
4.073
4.148
3.995
4.100
4.150
4.101
4.068
4.086
4.126
4.102
4.119
4.082
4.073
4.089
4.023
4.145
4.069
4.097
4.136
4.018
4.162
4.084
4.066
4.123
4.091
4.086
4.134
4.065
4.007
4.143
4.138
4.058
4.149
4.046
4.075
4.122
4.052
4.129
4.080
4.118
4.058
4.082
4.218
3.989
4.094
4.100
4.056
4.078
4.174
4.073
4.070
4.046
4.092
4.148
4.048
4.162
4.078
4.115
4.027
4.164
4.068
4.114
4.063
4.132
4.162
4.040
4.043
4.142
4.009
4.148
4.077
4.095
4.088
4.088
4.127
4.035
4.130
4.104
4.039
4.138
4.112
4.063
4.118
4.113
4.162
3.937
4.130
4.141
4.031
4.124
4.047
4.132
4.125
4.001
4.169
4.050
4.134
4.090
4.059
4.114
4.094
4.098
4.099
4.128
4.053
4.161
4.049
4.024
4.161
4.074
4.113
4.071
4.032
4.111
4.126
4.179
4.001
4.078
4.092
4.171
4.048
4.096
4.052
4.224
3.998
4.107
4.074
4.041
4.138
4.080
4.097
4.090
4.126
4.103
4.022
4.076
4.226
4.038
4.065
4.047
4.100
4.165
4.060
4.091
4.069
4.152
4.251
3.900
4.059
4.148
4.040
4.087
4.129
4.129
4.085
4.064
4.070
4.167
4.063
4.090
4.112
4.043
4.160
4.038
4.092
4.100
4.062
4.085
4.097
4.115
4.133
4.052
4.068
4.159
4.091
4.061
4.103
4.125
4.093
4.094
4.096
4.073
4.092
4.073
4.122
4.092
4.062
4.085
4.104
4.120
4.086
4.116
4.090
4.115
4.054
4.120
4.022
4.083
4.095
4.149
4.108
4.064
4.131
4.106
4.058
4.052
4.150
4.026
4.176
4.065
4.060
4.209
4.008
4.097
4.102
4.047
4.107
4.079
4.206
3.991
4.092
4.120
4.097
4.061
4.161
4.060
4.077
4.126
4.067
4.118
4.038
4.141
4.041
4.139
4.083
4.112
4.065
4.049
4.127
4.091
4.097
4.063
4.168
4.070
4.100
4.135
4.031
4.172
4.040
4.114
4.046
4.142
4.005
4.094
4.086
4.171
4.002
4.324
3.954
4.014
4.076
4.161
4.047
4.132
4.039
4.157
4.088
4.085
4.106
4.119
4.060
4.133
4.101
4.009
4.090
4.138
4.048
4.152
4.043
4.163
4.052
4.043
4.146
4.102
4.103
4.029
4.106
4.159
4.067
4.093
4.084
4.127
4.078
4.125
4.072
4.089
4.068
4.115
4.079
4.110
4.095
4.111
4.096
4.080
4.131
4.039
4.097
4.050
4.078
4.127
4.108
4.114
4.075
4.067
4.141
4.057
4.122
4.023
4.168
4.059
4.097
4.087
4.124
4.085
4.135
3.983
4.170
4.085
4.075
4.137
4.051
4.098
4.094
4.106
4.081
4.047
4.148
4.062
4.127
4.098
4.081
4.041
4.104
4.076
4.089
4.170
4.101
4.096
4.088
4.021
4.150
4.090
4.048
4.161
4.070
4.195
3.954
4.093
4.123
4.128
4.084
4.067
4.062
4.079
4.139
4.078
4.113
4.075
4.124
4.082
4.029
4.166
4.088
4.093
4.046
4.158
4.117
4.034
4.034
4.136
4.137
4.095
4.100
4.090
4.022
4.142
4.099
4.110
4.063
4.189
4.038
4.065
4.061
4.109
4.079
4.091
4.153
4.100
4.067
4.092
4.046
4.079
4.157
4.081
4.093
4.106
4.045
4.129
4.102
4.088
4.128
4.051
4.026
4.173
4.091
4.061
4.122
4.097
4.114
4.074
4.062
4.071
4.150
4.050
4.122
4.099
4.076
4.051
4.173
4.077
4.123
3.996
4.159
4.043
4.153
4.063
4.108
4.098
4.105
4.082
4.094
4.101
4.244
3.943
4.087
4.106
4.078
4.103
4.055
4.170
3.993
4.103
4.150
4.073
4.042
4.081
4.127
4.107
4.116
4.027
4.100
4.085
4.189
4.059
4.108
4.105
4.088
4.076
4.096
4.079
4.148
4.023
4.069
4.290
3.968
4.079
4.091
4.035
4.145
4.058
4.114
4.120
4.026
4.153
4.020
4.106
4.083
4.104
4.071
4.107
4.176
4.101
4.051
4.104
4.084
4.105
4.085
4.103
4.107
4.013
4.152
4.132
4.098
4.011
4.057
4.125
4.128
4.089
4.072
4.117
4.093
4.128
4.118
4.062
4.100
4.057
4.131
4.087
4.082
4.080
4.102
4.063
4.179
4.074
4.024
4.109
4.057
4.147
4.099
4.104
4.097
4.024
4.162
4.049
4.050
4.134
4.143
4.060
4.103
4.107
4.113
4.094
4.085
4.049
4.052
4.119
4.179
4.058
4.039
4.151
4.037
4.118
4.056
4.075
4.172
4.083
4.063
4.111
4.103
4.104
4.078
4.100
4.090
4.123
4.092
4.052
4.112
4.063
4.123
4.094
4.045
4.113
4.104
4.071
4.162
4.004
4.278
3.947
4.105
4.082
4.065
4.129
4.041
4.111
4.098
4.101
4.130
4.074
4.091
4.102
4.097
4.114
4.058
4.107
4.018
4.113
4.116
4.080
4.113
4.124
4.025
4.150
4.046
4.139
4.095
4.103
4.069
4.084
4.123
4.097
4.076
4.092
4.070
4.168
4.047
4.116
4.157
3.984
4.115
4.056
4.138
4.089
4.112
4.076
4.035
4.144
4.141
4.030
4.142
4.079
4.016
4.111
4.086
4.080
4.107
4.154
4.115
4.115
4.031
4.088
4.137
4.029
4.081
4.150
4.086
4.089
4.058
4.218
4.015
4.095
4.105
4.052
4.136
4.086
4.080
4.131
4.003
4.092
4.119
4.087
4.190
4.039
4.100
4.069
4.125
4.068
4.079
4.123
4.110
4.068
4.105
4.098
4.055
4.065
4.140
4.155
4.154
4.027
4.063
4.075
4.091
4.107
3.999
4.133
4.132
4.079
4.103
4.082
4.108
4.140
3.971
4.150
4.117
4.096
4.027
4.103
4.112
4.070
4.107
4.065
4.126
4.116
4.078
4.097
4.133
4.089
4.065
4.104
4.061
4.173
4.039
4.102
4.103
4.108
4.070
4.054
4.098
4.071
4.128
4.163
4.086
3.997
4.110
4.157
4.077
4.110
4.067
4.124
4.048
4.128
4.082
4.096
4.176
4.050
4.041
4.077
4.090
4.095
4.294
3.858
4.136
4.180
4.029
4.082
4.057
4.133
4.089
4.101
4.072
4.059
4.152
4.109
4.043
4.120
4.100
4.082
4.101
4.111
4.049
4.156
4.047
4.051
4.136
4.067
4.065
4.089
4.085
4.097
4.168
4.023
4.188
4.017
4.171
4.022
4.149
4.060
4.062
4.092
4.109
4.061
4.169
4.126
4.063
4.140
4.041
4.103
4.085
4.036
4.089
4.157
4.098
4.055
4.122
4.043
4.123
4.048
4.151
4.108
4.062
4.131
4.080
4.096
4.105
4.073
4.101
4.069
4.105
4.089
4.074
4.126
4.023
4.129
4.131
4.092
4.129
4.000
4.178
4.056
4.079
4.101
4.068
4.124
4.027
4.142
4.128
4.100
4.042
4.120
4.111
4.125
4.031
4.107
4.093
4.086
4.147
4.126
4.007
3.970
4.135
4.143
4.096
4.109
4.014
4.126
4.086
4.197
4.048
4.068
4.029
4.185
4.068
4.087
4.067
4.118
4.128
4.061
4.112
4.056
4.092
4.057
4.140
4.093
4.100
4.089
4.042
4.156
4.182
3.973
4.037
4.135
4.100
4.084
4.122
4.093
4.063
4.124
4.141
4.064
4.124
3.986
4.151
4.090
4.154
3.982
4.148
4.103
4.011
4.207
4.045
4.097
4.087
4.087
4.111
4.097
4.110
4.068
4.084
4.134
4.073
4.086
4.099
4.058
4.088
4.136
4.061
4.161
4.024
4.103
4.101
4.061
4.118
4.104
4.108
4.064
4.099
4.120
4.044
4.106
4.044
4.170
4.122
4.013
4.070
4.127
4.104
4.139
4.074
4.132
4.035
4.162
4.034
4.110
4.052
4.137
4.088
4.049
4.128
4.095
4.065
4.178
3.997
4.147
4.088
4.103
4.074
4.038
4.166
4.062
4.090
4.079
4.112
4.052
4.135
4.120
4.110
4.054
4.101
4.075
4.118
4.083
4.124
4.080
4.078
4.068
4.148
4.076
4.105
4.040
4.146
4.083
4.089
4.076
4.040
4.171
4.086
4.081
4.091
4.103
4.095
4.046
4.155
4.103
4.028
4.125
4.028
4.133
4.129
4.109
4.108
4.028
4.236
4.068
4.033
4.015
4.136
4.094
4.092
4.085
4.101
4.101
4.072
4.111
4.142
4.037
4.107
4.087
4.052
4.132
4.101
4.079
4.101
4.068
4.203
3.995
4.110
4.070
4.059
4.168
4.073
4.098
4.013
4.174
4.100
4.109
4.048
4.110
4.104
4.100
4.074
4.131
4.056
4.066
4.067
4.158
4.102
4.257
3.907
4.097
4.051
4.151
4.098
4.054
4.126
4.102
4.089
4.097
4.091
4.097
4.095
4.091
4.022
4.140
4.102
4.072
4.107
4.037
4.151
4.095
4.072
4.119
4.022
4.169
4.079
4.095
4.133
4.022
4.072
4.098
4.105
4.079
4.117
4.077
4.115
4.131
4.090
4.178
3.954
4.071
4.140
4.076
4.141
4.091
4.059
4.125
4.105
4.173
4.002
4.054
4.105
4.136
4.076
4.072
4.123
4.099
4.103
4.084
4.094
4.088
4.081
4.100
4.125
4.082
4.057
4.108
4.060
4.153
4.131
4.168
3.938
4.064
4.142
4.066
4.109
4.092
4.086
4.133
4.064
4.133
4.053
4.062
4.140
4.083
4.097
4.132
4.076
4.081
4.040
4.170
4.009
4.141
4.122
4.057
4.105
4.082
4.155
4.034
4.061
4.148
4.078
4.110
4.072
4.085
4.117
4.062
4.109
4.018
4.147
4.085
4.112
4.135
4.075
4.124
4.074
4.034
4.153
4.100
4.065
4.086
4.065
4.104
4.114
4.104
4.115
4.095
4.028
4.141
4.110
4.080
4.048
4.105
4.121
4.079
4.088
4.112
4.090
4.030
4.141
4.141
4.055
4.090
4.047
4.162
4.083
4.079
4.106
4.057
4.113
4.098
4.142
4.051
4.105
4.061
4.144
4.024
4.146
4.073
4.091
4.060
4.131
4.108
4.095
4.034
4.063
4.099
4.184
4.049
4.037
4.110
4.123
4.120
4.043
4.083
4.104
4.108
4.080
4.151
4.129
3.990
4.161
4.103
4.094
4.062
4.120
4.089
4.057
4.113
4.091
4.117
4.080
4.079
4.122
4.163
3.989
4.093
4.084
4.122
4.061
4.136
4.044
4.073
4.180
4.069
4.083
4.105
4.093
4.090
4.049
4.158
4.059
4.108
4.108
4.036
4.324
3.925
4.071
4.079
4.043
4.138
4.061
4.068
4.128
4.095
4.068
4.095
4.097
4.091
4.137
4.060
4.163
4.108
4.043
4.076
4.124
4.083
4.039
4.143
4.094
4.089
4.033
4.137
4.126
4.034
4.158
4.051
4.121
4.080
4.125
4.077
4.075
4.136
4.079
4.097
4.146
4.014
4.091
4.068
4.142
4.094
4.082
4.108
4.041
4.122
4.101
4.054
4.074
4.127
4.125
4.092
4.155
4.018
4.089
4.109
4.103
4.070
4.036
4.135
4.067
4.144
4.084
4.111
4.104
4.057
4.063
4.133
4.110
4.099
4.096
4.051
4.110
4.065
4.110
4.408
3.810
4.087
4.080
4.048
4.172
4.062
4.104
4.095
4.100
4.111
4.051
4.076
4.077
4.159
4.072
4.105
4.027
4.080
4.142
4.080
4.088
4.065
4.125
4.104
4.049
4.084
4.115
4.063
4.123
4.071
4.164
4.084
4.062
4.103
4.120
4.256
3.897
4.070
4.128
4.068
4.099
4.069
4.134
4.066
4.083
4.093
4.089
4.115
4.089
4.078
4.069
4.101
4.085
4.095
4.091
4.106
4.116
4.041
4.159
4.044
4.100
4.124
4.049
4.099
4.074
4.121
4.116
4.087
4.063
4.105
4.084
4.106
4.125
4.055
4.077
4.125
4.073
4.134
4.084
4.084
4.052
4.123
4.105
4.113
4.036
4.126
4.137
4.123
4.036
4.047
4.162
4.087
4.118
4.012
4.144
4.151
4.029
4.141
4.052
4.109
4.110
4.040
4.114
4.102
4.087
4.092
4.079
4.111
4.132
4.004
4.063
4.120
4.138
4.043
4.141
4.066
4.157
3.992
4.088
4.170
4.036
4.152
4.081
4.101
4.088
4.139
4.052
4.093
4.069
4.173
4.011
4.110
4.074
4.167
4.025
4.088
4.071
4.065
4.200
4.140
3.974
4.162
4.024
4.136
4.100
4.095
4.069
4.107
4.086
4.058
4.156
4.079
4.101
4.082
4.101
4.089
4.105
4.095
4.079
4.034
4.178
4.052
4.152
4.050
4.050
4.251
3.997
4.107
4.097
4.008
4.110
4.087
4.115
4.114
4.030
4.165
4.093
4.073
4.132
4.072
4.089
4.071
4.093
4.120
4.093
4.104
4.031
4.119
4.147
4.049
4.101
4.032
4.155
4.097
4.099
4.089
4.085
4.099
4.114
4.068
4.108
4.101
4.114
4.083
4.068
4.092
4.126
4.081
4.059
4.121
4.131
3.963
4.134
4.080
4.157
4.075
4.096
4.102
4.096
4.085
4.084
4.084
4.089
4.072
4.138
4.112
3.993
4.135
4.124
4.092
4.062
4.074
4.190
4.026
4.127
4.036
4.150
4.036
4.093
4.130
4.084
4.077
4.101
4.138
4.057
4.130
4.067
4.092
4.119
4.095
4.107
4.050
4.146
4.059
4.089
4.098
4.095
4.032
4.140
4.100
4.082
4.078
4.081
4.143
4.073
4.087
4.103
4.112
4.076
4.093
4.098
4.095
4.084
4.107
4.083
4.132
4.072
4.056
4.124
4.040
4.162
4.082
4.111
4.082
4.014
4.212
4.037
4.079
4.105
4.064
4.326
3.906
4.048
4.127
4.074
4.125
4.104
4.084
4.108
4.080
4.088
4.091
4.119
4.008
4.221
4.051
4.075
4.066
4.105
4.111
4.028
4.088
4.094
4.096
4.081
4.098
4.095
4.126
4.115
4.089
4.105
4.043
4.148
4.077
4.099
4.088
4.148
4.078
4.020
4.115
4.130
4.075
4.098
4.049
4.126
4.088
4.108
4.012
4.130
4.111
4.099
4.061
4.141
4.142
4.050
4.072
4.111
4.101
4.102
4.099
4.041
4.124
4.107
4.086
4.066
4.083
4.142
4.112
4.154
3.976
4.093
4.111
4.101
4.036
4.143
4.115
4.084
4.105
4.062
4.124
4.088
4.088
4.093
4.018
4.120
4.125
4.121
4.061
4.052
4.194
4.042
4.094
4.066
4.159
4.089
4.060
4.104
4.101
4.073
4.086
4.070
4.160
4.023
4.132
4.094
4.104
4.073
4.096
4.052
4.075
4.152
4.093
4.087
4.103
4.045
4.111
4.107
4.111
4.083
4.049
4.263
4.016
4.059
4.101
4.072
4.123
4.070
4.084
4.105
4.099
4.118
4.033
4.094
4.123
4.054
4.120
4.043
4.164
4.074
4.113
4.076
4.131
4.079
4.055
4.118
4.100
4.035
4.154
4.076
4.054
4.136
4.072
4.143
4.068
4.077
4.120
4.101
4.034
4.076
4.136
4.115
4.047
4.191
4.004
4.121
4.041
4.134
4.130
4.006
4.105
4.077
4.096
4.098
4.168
4.090
4.080
4.110
4.092
4.056
4.078
4.095
4.086
4.165
4.120
4.022
4.082
4.135
4.097
4.104
4.045
4.067
4.148
4.117
4.037
4.125
4.080
4.102
4.069
4.125
4.068
4.156
4.046
4.101
4.127
4.117
4.019
4.105
4.047
4.167
4.058
4.070
4.089
4.095
4.130
4.128
4.071
4.095
4.043
4.082
4.169
4.058
4.109
4.023
4.142
4.089
4.125
4.074
4.078
4.073
4.142
4.112
4.021
4.127
4.077
4.090
4.184
4.017
4.107
4.058
4.096
4.168
4.047
4.136
3.989
4.195
4.041
4.108
4.052
4.126
4.099
4.038
4.105
4.088
4.169
4.050
4.135
4.052
4.167
4.055
4.062
4.103
4.031
4.136
4.046
4.162
4.084
4.043
4.114
4.057
4.105
4.132
4.060
4.133
4.148
4.043
4.060
4.151
4.114
4.040
4.047
4.161
4.075
4.104
4.043
4.129
4.126
4.082
4.091
4.067
4.139
4.073
4.093
4.295
3.887
4.140
4.059
4.109
4.061
4.143
4.056
4.197
5.707
2.315
4.081
4.185
4.030
4.141
4.083
4.172
4.018
4.060
4.140
4.090
4.012
4.114
4.091
4.074
4.141
4.107
4.102
4.085
4.096
4.093
4.103
4.105
4.082
4.081
4.017
4.129
4.162
4.058
4.050
4.082
4.070
4.157
4.102
4.031
4.106
4.117
4.139
4.078
4.072
4.114
4.081
4.080
4.108
4.143
4.082
4.067
4.089
4.109
4.056
4.098
4.135
3.998
4.145
4.141
3.991
4.112
4.087
4.198
4.045
4.093
4.088
4.048
4.148
4.033
4.128
4.110
4.108
4.101
4.006
4.153
4.140
4.087
4.048
4.062
4.146
4.101
4.065
4.087
4.105
4.065
4.125
4.076
4.033
4.075
4.172
4.122
4.006
4.129
4.125
4.105
3.984
4.170
4.085
4.092
4.114
4.090
4.098
4.043
4.133
4.153
3.994
4.123
4.129
4.077
4.069
4.043
4.156
4.107
4.133
4.037
4.127
4.062
4.081
4.127
4.076
4.100
4.069
4.116
4.090
4.121
4.149
3.965
4.100
4.135
4.084
4.105
4.105
4.020
4.125
4.089
4.242
3.992
4.012
4.197
4.051
4.094
4.070
4.114
4.090
4.085
4.112
4.104
4.085
4.044
4.100
4.073
4.140
4.116
4.065
4.055
4.157
4.186
3.917
4.127
4.071
4.101
4.081
4.101
4.091
4.158
4.100
4.089
4.124
4.061
4.036
4.165
4.102
4.067
4.123
4.072
4.090
4.031
4.208
3.993
4.129
4.074
4.048
4.169
4.016
4.158
4.091
4.037
4.166
4.101
4.038
4.100
4.122
4.131
4.062
4.080
4.084
4.155
4.060
4.085
4.081
4.105
4.107
4.125
4.010
4.167
4.036
4.100
4.044
4.180
4.047
4.133
4.091
4.129
4.063
3.999
4.151
4.088
4.091
4.138
4.103
4.097
4.184
4.004
4.054
4.104
4.023
4.166
4.106
4.097
4.065
4.050
4.153
4.070
4.093
4.108
4.046
4.098
4.130
4.110
4.065
4.073
4.114
4.113
4.101
4.014
4.143
4.086
4.058
4.077
4.125
4.203
4.007
4.079
4.079
4.085
4.154
4.100
4.026
4.090
4.145
4.080
4.125
4.040
4.148
4.029
4.096
4.079
4.126
4.093
4.146
4.073
4.113
4.061
4.097
4.059
4.086
4.109
4.158
4.081
4.008
4.119
4.223
4.039
4.050
4.062
4.138
4.232
3.974
4.060
4.082
4.099
4.104
4.147
4.047
4.068
4.107
4.025
4.146
4.116
4.040
4.125
4.060
4.185
4.059
4.063
4.049
4.082
4.118
4.080
4.174
4.080
4.039
4.155
4.055
4.093
4.113
4.104
4.146
4.009
4.067
4.166
4.084
4.132
4.116
4.003
4.142
4.053
4.132
4.044
4.135
4.082
4.092
4.114
4.066
4.035
4.144
4.093
4.126
4.084
4.057
4.109
4.106
4.083
4.090
4.110
4.012
4.170
4.114
4.046
4.113
4.031
4.135
4.066
4.146
4.157
3.997
4.130
4.053
4.136
4.099
4.069
4.102
4.091
4.076
4.070
4.157
4.113
4.040
4.065
4.129
4.027
4.161
4.057
4.151
4.078
4.077
4.054
4.115
4.118
4.134
4.043
4.122
4.091
4.083
4.064
4.082
4.160
4.053
4.094
4.061
4.081
4.135
4.085
4.086
4.041
4.153
4.175
3.994
4.112
4.064
4.090
4.087
4.098
4.170
4.013
4.114
4.118
4.099
4.107
4.083
4.101
4.096
4.108
4.070
4.052
4.102
4.117
4.154
4.024
4.108
4.104
4.037
4.179
4.058
4.114
4.023
4.071
4.295
3.945
4.119
4.074
4.180
3.994
4.062
4.110
4.113
4.098
4.062
4.154
4.108
4.051
4.094
4.105
4.009
4.153
4.138
4.084
4.122
4.063
4.042
4.067
4.102
4.090
4.092
4.160
4.114
4.064
4.084
4.070
4.079
4.076
4.089
4.152
4.072
4.108
4.058
4.129
4.077
4.112
4.133
4.040
4.133
4.113
4.047
4.092
4.051
4.154
4.097
4.087
4.092
4.095
4.116
4.064
4.097
4.100
4.135
3.992
4.131
4.119
4.097
4.089
4.103
4.037
4.144
4.102
4.085
4.129
4.007
4.132
4.094
4.143
3.984
4.127
4.122
4.096
4.073
4.114
4.091
4.046
4.177
4.059
4.113
4.078
4.074
4.077
4.053
4.102
4.133
4.135
4.038
4.083
4.207
4.014
4.079
4.058
4.135
4.088
4.125
4.092
4.071
4.132
4.057
4.145
4.133
4.005
4.103
4.085
4.105
4.062
4.082
4.137
4.039
4.188
3.983
4.230
4.026
4.012
4.168
4.086
4.122
4.062
4.092
4.041
4.074
4.202
4.051
4.094
4.066
4.108
4.132
4.071
4.067
4.084
4.098
4.126
4.075
4.092
4.087
4.082
4.123
4.109
4.105
4.120
3.983
4.177
4.105
3.994
4.324
3.910
4.102
4.103
4.038
4.120
4.151
4.048
4.113
4.082
4.100
4.099
4.099
4.031
4.142
4.071
4.121
4.054
4.093
4.065
4.079
4.104
4.183
4.028
4.172
4.041
4.113
4.138
4.056
4.030
4.154
4.073
4.068
4.119
4.107
4.042
4.110
4.134
4.075
4.073
4.066
4.177
4.071
4.097
4.081
4.042
4.150
4.109
4.089
4.093
4.136
4.023
4.101
4.106
4.098
4.067
4.067
4.062
4.082
4.215
4.139
4.004
4.035
4.178
4.021
4.111
4.080
4.079
4.092
4.069
4.117
4.107
4.101
4.073
4.093
4.145
4.044
4.083
4.120
4.143
4.054
4.061
4.103
4.135
4.021
4.097
4.122
4.136
4.124
3.990
4.151
4.163
4.047
4.025
4.073
4.169
4.059
4.071
4.079
4.178
4.082
4.060
4.060
4.161
4.088
4.039
4.099
4.159
4.133
3.986
4.076
4.172
4.168
3.981
4.075
4.056
4.107
4.103
4.124
4.136
4.035
4.119
4.103
4.069
4.124
4.082
4.075
4.015
4.184
4.111
4.094
4.054
4.168
4.001
4.140
4.123
4.052
4.126
4.026
4.121
4.088
4.122
4.065
4.077
4.072
4.172
4.054
4.075
4.063
4.126
4.136
4.088
4.063
4.138
4.081
4.040
4.142
4.113
4.070
4.091
4.071
4.163
4.078
4.076
4.019
4.119
4.055
4.110
4.099
4.123
4.138
4.055
4.156
4.072
4.100
3.999
4.142
4.071
4.137
4.092
4.107
4.090
4.057
4.109
4.140
4.074
4.008
4.080
4.185
4.062
4.054
4.114
4.078
4.107
4.063
4.153
4.127
4.039
4.076
4.086
4.102
4.110
4.113
4.100
4.037
4.260
3.999
4.077
4.061
4.052
4.155
4.081
4.097
4.108
4.065
4.052
4.111
4.084
4.161
4.045
4.122
4.093
4.082
4.097
4.080
4.124
4.165
3.999
4.108
4.098
4.071
4.064
4.152
4.109
4.088
4.067
4.135
4.025
4.088
4.118
4.115
4.058
4.141
4.005
4.145
4.127
4.078
4.088
4.134
4.112
4.030
4.068
4.126
4.036
4.142
4.108
4.080
4.155
4.006
4.112
4.065
4.121
4.067
4.064
4.120
4.093
4.084
4.082
4.099
4.176
4.051
4.103
4.118
4.085
4.037
4.143
4.076
4.121
4.156
4.029
4.026
4.171
4.020
4.103
4.117
4.059
4.146
4.109
4.036
4.122
4.106
4.102
4.210
3.979
4.080
4.080
4.054
4.143
4.102
4.084
4.056
4.144
4.030
4.155
4.041
4.088
4.158
4.043
4.115
4.122
4.036
4.093
4.084
4.084
4.105
4.064
4.180
4.038
4.107
4.148
4.081
4.085
4.082
4.099
4.062
4.221
4.029
4.041
4.110
4.037
4.153
4.065
4.139
4.036
4.059
4.162
4.099
4.041
4.109
4.093
4.122
4.087
4.093
4.102
4.091
4.098
4.093
4.091
4.091
4.080
4.086
4.102
4.109
4.031
4.150
4.116
4.032
4.103
4.108
4.118
4.114
3.991
4.153
4.133
4.051
4.147
4.073
4.090
4.087
4.106
4.105
4.029
4.118
4.065
4.258
4.033
4.003
4.100
4.077
4.132
4.073
4.103
4.074
4.076
4.145
4.071
4.110
4.115
4.120
4.035
4.103
4.103
4.068
4.147
4.022
4.140
4.061
4.030
4.188
4.080
4.041
4.134
4.107
4.184
3.992
4.039
4.118
4.115
4.137
4.057
4.048
4.136
4.094
4.120
4.043
4.121
4.117
4.078
4.034
4.139
4.092
4.134
4.013
4.146
4.158
4.024
4.141
3.974
4.119
4.080
4.167
4.045
4.089
4.125
4.105
4.068
4.104
4.043
4.173
4.072
4.092
4.091
4.074
4.108
4.126
4.090
4.062
4.096
4.118
4.020
4.166
4.073
4.119
4.099
4.013
4.206
3.973
4.096
4.093
4.094
4.093
4.160
4.084
4.097
4.128
4.050
4.113
4.074
4.124
4.091
4.068
4.048
4.144
4.113
4.076
4.044
4.156
4.091
4.119
4.130
3.985
4.083
4.146
4.081
4.075
4.092
4.127
4.073
4.086
4.070
4.137
4.076
4.094
4.102
4.077
4.129
4.023
4.169
4.005
4.174
4.092
4.084
4.058
4.087
4.119
4.103
4.111
4.063
4.055
4.158
4.090
4.086
4.091
4.233
3.989
4.101
4.053
4.074
4.142
4.013
4.080
4.156
4.137
4.040
4.107
4.035
4.091
4.093
4.084
4.156
4.031
4.173
4.048
4.116
4.080
4.101
4.094
4.068
4.121
4.086
4.095
4.033
4.117
4.115
4.044
4.156
4.097
4.056
4.102
4.051
4.241
4.063
4.020
4.159
4.052
4.094
4.100
4.020
4.098
4.171
4.022
4.142
4.129
4.061
4.070
4.115
4.095
4.064
4.117
4.072
4.202
3.987
4.108
4.100
4.055
4.138
4.100
4.082
4.101
4.036
4.156
4.073
4.098
4.115
3.899
4.126
4.052
4.105
4.089
4.085
4.126
4.082
4.094
4.083
4.074
4.108
4.077
4.130
4.105
4.062
4.095
4.131
4.011
4.072
4.112
4.086
4.164
4.097
4.100
4.097
4.114
4.060
4.116
4.081
4.064
4.085
4.013
4.112
4.102
4.165
4.080
4.114
4.100
4.006
4.147
4.106
4.082
4.053
4.086
4.156
4.072
4.057
4.134
4.112
4.071
4.096
4.101
4.039
4.070
4.158
4.114
4.091
4.039
4.339
3.924
3.989
4.113
4.145
4.043
4.118
4.068
4.061
4.136
4.128
4.125
4.034
4.099
4.107
4.108
4.094
4.019
4.137
4.128
4.071
4.097
4.096
4.083
4.063
4.116
4.126
4.069
4.113
4.031
4.170
4.165
3.982
4.082
4.088
4.154
4.015
4.084
4.102
4.099
4.094
4.090
4.119
4.032
4.146
4.061
4.059
4.152
4.127
4.049
4.122
4.028
4.154
4.049
4.075
4.140
4.033
4.159
4.117
4.067
4.080
4.108
4.128
4.063
4.072
4.110
4.090
4.124
4.073
4.038
4.180
4.065
4.070
4.104
4.083
4.058
4.120
4.123
4.069
4.105
4.106
4.074
4.128
4.049
4.095
4.109
4.102
4.114
4.058
4.112
4.095
4.054
4.094
4.127
4.118
3.999
4.120
4.132
4.094
4.114
4.026
4.154
4.052
4.089
4.078
4.089
4.080
4.094
4.147
4.038
4.139
4.105
4.069
4.080
4.139
4.103
4.090
4.089
4.083
4.080
4.102
4.101
4.040
4.149
4.097
4.119
4.038
4.067
4.106
4.130
4.060
4.118
4.112
4.077
4.077
4.103
4.085
4.073
4.114
4.115
4.086
4.102
4.099
4.075
4.022
4.206
4.111
4.043
4.100
4.025
4.104
4.141
4.079
4.154
4.137
4.109
3.997
4.045
4.059
4.155
4.110
4.065
4.075
4.065
4.132
4.119
4.038
4.157
4.081
4.084
4.043
4.101
4.136
4.123
4.114
4.072
4.015
4.163
4.059
4.059
4.167
4.078
4.073
4.108
4.094
4.090
4.120
4.006
4.142
4.071
4.084
4.092
4.157
4.049
4.166
4.060
4.103
4.077
4.094
4.090
4.120
4.129
4.026
4.035
4.164
4.089
4.118
4.078
4.109
4.093
4.054
4.110
4.043
4.110
4.066
4.121
4.142
4.070
4.038
4.154
4.063
4.136
4.114
4.016
4.124
4.044
4.152
4.044
4.104
4.099
4.128
4.099
4.102
4.271
3.876
4.122
4.075
4.118
4.089
4.126
4.095
4.055
4.039
4.145
4.143
4.041
4.086
4.056
4.110
4.067
4.177
4.003
4.100
4.125
4.109
4.157
3.978
4.147
4.096
4.098
4.089
4.087
4.104
4.082
4.064
4.130
4.108
4.077
4.096
4.043
4.113
4.203
3.995
4.113
4.051
4.125
4.028
4.180
4.118
4.042
4.103
4.105
4.083
4.075
4.131
4.098
4.056
4.105
4.094
4.072
4.108
4.055
4.189
3.960
4.134
4.100
4.088
4.122
4.100
4.088
4.079
4.114
4.078
4.161
4.044
4.090
4.114
4.082
4.075
4.099
4.073
4.139
4.037
4.150
4.041
4.123
4.054
4.120
4.053
4.140
4.063
4.118
4.119
4.037
4.157
4.082
4.094
4.082
4.108
4.071
4.102
4.107
4.075
4.086
4.060
4.147
4.078
4.042
4.183
4.069
4.040
4.085
4.167
4.066
4.121
4.018
4.155
4.135
4.012
4.115
4.149
4.044
4.104
4.131
4.071
4.125
4.007
4.141
4.095
4.142
4.032
4.100
4.033
4.146
4.105
4.136
4.022
4.049
4.151
4.140
4.101
4.022
4.077
4.136
4.059
4.122
4.070
4.109
4.089
4.102
4.098
4.071
4.133
4.092
4.086
4.097
4.076
4.090
4.101
4.044
4.103
4.120
4.114
4.096
4.016
4.083
4.182
4.061
4.097
4.097
4.088
4.099
4.041
4.164
4.076
4.091
4.125
4.110
4.074
4.009
4.147
4.057
4.099
4.142
4.113
4.096
4.014
4.188
4.026
4.120
4.087
4.049
4.184
4.053
4.136
4.042
4.076
4.100
4.061
4.130
4.119
4.076
4.100
4.046
4.290
3.980
4.051
4.097
4.104
4.062
4.149
3.999
4.165
4.022
4.145
4.082
4.116
4.109
4.084
4.091
4.092
4.030
4.134
4.184
4.001
4.107
4.089
4.108
4.071
4.118
4.035
4.149
3.999
4.125
4.123
4.091
4.106
4.096
4.086
4.113
4.055
4.128
4.093
4.134
4.097
4.100
4.045
4.080
4.112
4.103
4.074
4.112
4.029
4.142
4.048
4.166
4.048
4.061
4.158
4.047
4.109
4.095
4.076
4.100
4.125
4.044
4.143
4.076
4.098
4.118
4.090
4.051
4.090
4.104
4.099
4.131
4.065
4.114
4.043
4.086
4.134
4.187
4.028
4.015
4.098
4.149
4.117
4.071
4.119
4.047
4.089
4.057
4.112
4.150
4.192
3.922
4.136
4.096
4.132
4.175
4.025
3.963
4.214
4.066
4.053
4.111
4.042
4.158
4.027
4.078
4.092
4.104
4.077
4.154
4.104
4.108
4.095
4.066
4.089
4.061
4.092
4.148
4.102
4.126
4.084
4.047
4.126
3.992
4.116
4.144
4.105
4.036
4.104
4.158
4.068
4.057
4.127
4.088
4.111
4.172
4.030
4.072
4.088
4.095
4.062
4.126
4.094
4.074
4.112
4.085
4.064
4.148
4.076
4.109
4.140
3.974
4.145
4.119
4.086
4.083
4.039
4.164
4.037
4.112
4.115
4.091
4.083
4.039
4.183
4.075
4.091
4.074
4.076
4.126
4.120
4.119
4.043
4.063
4.161
4.042
4.073
4.080
4.080
4.151
4.049
4.147
4.073
4.101
4.062
4.133
4.082
4.090
4.050
4.146
4.095
4.067
4.169
3.972
4.084
4.090
4.159
4.115
4.062
4.143
4.024
4.143
4.108
4.029
4.110
4.040
4.123
4.156
4.056
4.060
4.152
4.061
4.042
4.109
4.102
4.121
4.106
4.045
4.106
4.136
4.065
4.069
4.061
4.199
4.055
4.054
4.073
4.119
4.113
4.078
4.097
4.138
4.175
3.963
4.082
4.059
4.162
4.022
4.143
4.075
4.069
4.137
4.078
4.057
4.143
4.045
4.123
4.094
4.113
4.037
4.086
4.079
4.116
4.092
4.084
4.094
4.159
4.105
4.016
4.093
4.159
4.042
4.101
4.077
4.166
4.048
4.087
4.062
4.113
4.065
4.117
4.131
4.040
4.107
4.082
4.162
4.012
4.117
4.076
4.098
4.088
4.135
4.077
4.097
4.098
4.067
4.156
4.103
4.042
4.124
4.105
4.139
4.054
4.036
4.094
4.133
4.097
4.053
4.075
4.167
4.107
4.052
4.068
4.157
4.088
4.075
4.091
4.072
4.127
4.106
4.092
4.066
4.114
4.087
4.123
3.996
4.142
4.177
4.010
4.067
4.079
4.147
4.084
4.124
4.101
4.013
4.145
4.084
4.111
4.077
4.134
4.080
4.052
4.131
4.074
4.097
4.113
4.106
4.104
4.034
4.120
4.090
4.040
4.167
4.061
4.195
4.008
4.037
4.197
3.969
4.123
4.104
4.138
4.078
4.092
4.022
4.189
4.048
4.102
4.070
4.071
4.134
4.079
4.132
4.027
4.138
4.062
4.124
4.104
4.091
4.074
4.143
4.044
4.131
4.013
4.148
4.100
4.067
4.107
4.110
4.050
4.115
4.304
3.940
4.014
4.147
4.105
4.085
4.135
3.999
4.164
3.997
4.157
4.071
4.099
4.086
4.072
4.055
4.096
4.171
4.081
4.094
4.033
4.183
4.090
4.070
4.097
4.107
4.044
4.128
4.080
4.155
3.980
4.130
4.115
4.100
4.084
4.101
4.051
4.134
4.090
4.127
4.034
4.087
4.093
4.135
4.049
4.162
4.052
4.089
4.104
4.054
4.197
3.989
4.148
4.065
4.106
4.114
4.088
4.046
4.090
4.092
4.208
4.032
4.034
4.107
4.149
4.116
4.049
4.083
4.165
4.034
4.086
4.082
4.119
4.053
4.135
4.089
4.088
4.121
4.039
4.131
4.027
4.202
4.040
4.112
4.084
4.031
4.159
4.070
4.106
4.096
4.080
4.090
4.101
4.086
4.119
4.051
4.105
4.164
4.043
4.100
4.096
4.097
4.077
4.101
4.005
4.297
3.976
4.024
4.152
4.087
4.103
4.095
4.022
4.133
4.103
4.105
4.098
4.108
4.077
4.093
4.110
4.065
4.154
4.061
4.080
4.099
4.107
4.018
4.144
4.069
4.113
4.094
4.135
4.090
4.008
4.119
4.035
4.118
4.150
4.049
4.092
4.137
4.091
4.122
4.020
4.133
4.106
4.097
4.178
4.055
4.042
4.058
4.134
4.044
4.203
4.023
4.060
4.067
4.103
4.090
4.092
4.080
4.188
4.051
4.075
4.082
4.088
4.100
4.127
4.115
4.126
4.072
4.096
4.074
4.145
4.113
4.009
4.103
4.048
4.203
4.019
4.054
4.111
4.070
4.166
4.091
4.045
4.137
4.032
4.121
4.131
4.099
4.044
4.070
4.152
4.090
4.101
4.035
4.151
4.081
4.027
4.087
4.125
4.083
4.166
4.027
4.188
4.016
4.132
4.083
4.059
4.127
4.125
4.084
4.095
4.095
4.047
4.111
4.089
4.092
4.132
4.089
4.086
4.074
4.102
4.099
4.029
4.140
4.039
4.161
4.076
4.061
4.103
4.092
4.126
4.097
4.104
4.093
4.066
4.093
4.088
4.116
4.082
4.099
4.123
4.051
4.128
4.081
4.126
3.999
4.135
4.167
4.064
4.041
4.060
4.102
4.121
4.111
4.051
4.091
4.134
4.083
4.136
4.069
4.070
4.135
4.064
4.043
4.135
4.155
4.037
4.039
4.146
4.086
4.126
4.059
4.054
4.166
4.049
4.201
4.008
4.040
4.153
4.032
4.082
4.103
4.128
4.129
4.034
4.191
4.007
4.111
4.257
3.935
4.083
4.100
4.100
4.126
3.994
4.091
4.159
4.050
4.073
4.101
4.120
4.078
4.074
4.107
4.110
4.121
4.095
4.024
4.173
4.107
4.045
4.078
4.146
4.132
4.039
4.107
4.049
4.172
4.040
4.100
4.088
4.056
4.149
4.067
4.126
4.074
4.030
4.242
4.047
4.023
4.122
4.122
4.093
4.090
4.067
4.101
4.095
4.102
4.120
4.058
4.108
4.101
4.073
4.052
4.154
4.070
4.122
4.133
4.035
4.082
4.117
4.076
4.116
4.035
4.138
4.088
4.050
4.130
4.128
4.057
4.064
4.140
4.054
4.105
4.038
4.153
4.100
4.120
4.048
4.157
4.016
4.152
4.075
4.080
4.089
4.072
4.045
4.149
4.082
4.122
4.087
4.103
4.146
4.026
4.098
4.118
4.052
4.115
4.089
4.068
4.115
4.082
4.047
4.145
4.108
4.163
3.996
4.041
4.129
4.116
4.170
4.022
4.041
4.136
4.094
4.101
4.089
4.092
4.076
4.136
4.094
4.048
4.128
4.075
4.050
4.153
4.069
4.022
4.103
4.095
4.148
4.030
4.182
4.086
4.034
4.155
4.101
4.024
4.142
4.101
4.081
4.093
4.185
3.974
4.140
4.097
4.105
4.062
4.122
4.072
4.078
4.071
4.176
4.011
4.071
4.093
4.088
4.108
4.161
4.087
4.122
4.082
4.068
4.117
4.079
4.108
4.060
4.096
4.123
4.117
4.047
4.095
4.117
4.059
4.100
4.084
4.118
4.068
4.044
4.127
4.117
4.041
4.138
4.135
3.995
4.152
4.247
3.976
4.003
4.140
4.126
4.098
4.106
4.052
4.109
4.059
4.105
4.098
4.090
4.108
4.018
4.164
4.124
4.045
4.165
3.995
4.163
4.048
4.104
4.095
4.091
4.098
4.084
4.127
4.110
4.064
4.057
4.094
4.126
4.066
4.137
4.068
4.080
4.094
4.098
4.099
4.097
4.026
4.167
4.086
4.104
4.115
4.001
4.161
4.098
4.084
4.075
4.138
4.035
4.113
4.137
3.998
4.137
4.098
4.057
4.113
4.150
4.074
4.076
4.048
4.242
4.009
4.072
4.073
4.088
4.118
4.170
3.994
4.091
4.108
4.088
4.055
4.105
4.116
4.132
4.020
4.128
4.132
4.017
4.093
4.087
4.100
4.084
4.166
4.080
4.057
4.043
4.230
4.035
4.095
4.115
4.022
4.143
4.072
4.126
4.094
4.066
4.112
4.081
4.105
4.294
3.897
4.092
4.059
4.121
4.102
4.101
4.095
4.055
4.088
4.047
4.094
4.123
4.107
4.116
4.068
4.091
4.107
4.093
4.112
4.113
4.091
4.100
4.067
4.049
4.163
4.080
4.070
4.104
4.146
3.990
4.124
4.135
4.087
4.082
4.052
4.132
4.131
4.096
4.139
3.983
4.048
4.109
4.143
4.110
4.083
4.098
4.068
4.090
4.116
4.120
4.064
4.054
4.144
4.093
4.095
4.124
4.044
4.145
4.081
3.994
4.099
4.122
4.146
4.098
4.007
4.164
4.103
4.079
4.044
4.157
4.091
4.029
4.155
4.107
4.102
4.061
4.103
4.084
4.038
4.142
4.153
4.029
4.065
4.085
4.176
4.045
4.096
4.115
4.065
4.131
4.034
4.110
4.155
4.075
4.066
4.116
4.079
4.105
4.121
4.076
4.007
4.141
4.070
4.120
4.111
4.033
4.267
3.999
4.045
4.104
4.044
4.104
4.065
4.149
4.090
4.121
4.089
4.020
4.112
4.153
4.045
4.076
4.165
4.075
4.081
4.068
4.151
3.997
4.189
4.083
4.046
4.080
4.167
4.073
4.054
4.070
4.104
4.084
4.117
4.071
4.111
4.103
4.112
4.136
4.052
4.090
4.117
4.090
4.078
4.062
4.148
4.092
4.081
4.078
4.045
4.097
4.141
4.114
4.005
4.082
4.177
4.063
4.105
4.098
4.050
4.160
4.063
4.104
4.064
4.130
4.034
4.110
4.125
4.080
4.112
4.093
4.061
4.109
4.030
4.196
4.026
4.094
4.137
4.081
4.199
3.997
4.103
4.077
4.117
4.102
4.074
4.070
4.106
4.116
4.082
4.119
4.104
4.052
4.038
4.173
4.106
4.082
4.083
4.039
4.126
4.166
4.047
4.031
4.112
4.104
4.080
4.112
4.122
4.096
4.083
4.062
4.070
4.090
4.144
4.036
4.101
4.074
4.175
4.086
4.083
4.062
4.185
4.047
4.073
4.121
4.020
4.105
4.130
4.063
4.090
4.075
4.147
4.119
4.072
4.103
4.029
4.110
4.151
4.064
4.042
4.102
4.069
4.149
4.091
4.108
4.133
4.072
4.035
4.072
4.070
4.129
4.112
4.141
4.018
4.137
4.117
4.123
4.065
4.117
4.078
4.084
4.068
4.122
4.124
4.014
4.108
4.107
4.108
4.115
4.015
4.152
4.061
4.092
4.182
3.966
4.100
4.138
4.094
4.096
4.103
4.078
4.050
4.149
4.037
4.158
4.080
4.344
3.773
4.162
4.075
4.095
4.121
4.021
4.094
4.146
4.016
4.131
4.148
4.098
4.076
4.093
4.152
4.040
4.076
4.073
4.170
4.044
4.088
4.124
4.077
4.092
4.084
4.098
4.084
4.132
4.108
4.048
4.105
4.055
4.262
4.000
4.047
4.106
4.021
4.183
4.098
4.054
4.103
4.099
4.076
4.114
4.116
4.035
4.055
4.111
4.161
4.112
4.045
4.054
4.147
4.007
4.169
4.094
4.129
3.998
4.089
4.212
4.082
4.066
4.074
4.094
4.079
4.090
4.114
4.076
4.140
4.089
4.066
4.107
4.092
4.125
4.066
4.048
4.143
4.100
4.037
4.109
4.123
4.107
4.058
4.121
4.107
4.029
4.092
4.136
4.103
4.076
4.119
4.080
4.126
4.073
4.034
4.122
4.083
4.081
4.120
4.100
4.075
4.150
3.988
4.161
4.060
4.097
4.126
4.033
4.145
4.072
4.048
4.125
4.095
4.111
4.030
4.205
4.033
4.097
4.119
4.057
4.113
4.085
4.134
4.069
4.060
4.119
4.121
4.075
4.082
4.028
4.191
4.057
4.093
4.063
4.106
4.070
4.163
4.086
4.080
4.141
4.039
4.070
4.103
4.099
4.090
4.108
4.031
4.151
4.063
4.114
4.092
4.034
4.108
4.139
4.108
4.045
4.070
4.092
4.111
4.083
4.114
4.057
4.099
4.108
4.112
4.057
4.115
4.076
4.123
4.104
4.067
4.139
4.039
4.100
4.221
4.027
4.061
4.063
4.115
4.158
4.028
4.071
4.151
4.055
4.083
4.096
4.140
4.095
4.099
4.032
4.134
4.113
4.046
4.077
4.127
4.115
4.072
4.089
4.130
4.090
4.038
4.098
4.140
4.100
4.017
4.171
4.054
4.136
4.014
4.157
4.090
4.110
4.037
4.100
4.155
4.065
4.071
4.089
4.065
4.193
4.003
4.090
4.091
4.140
4.034
4.103
4.145
4.053
4.095
4.130
4.083
4.103
4.121
4.072
4.076
4.074
4.147
4.010
4.108
4.173
4.058
4.117
4.068
4.087
4.061
4.158
4.088
4.142
4.025
4.067
4.132
4.075
4.110
4.110
4.005
4.133
4.098
4.156
4.015
4.125
4.102
4.091
4.086
4.092
4.103
4.050
4.079
4.168
4.082
4.063
4.125
4.016
4.159
4.031
4.098
4.107
4.095
4.104
4.111
4.099
4.136
3.996
4.139
4.080
4.139
4.078
4.095
4.106
4.056
4.075
4.136
4.283
3.900
4.034
4.150
4.104
4.099
4.063
4.065
4.133
4.037
4.077
4.108
4.111
4.119
4.088
4.120
4.104
4.074
4.093
4.101
4.057
4.119
4.119
4.079
4.052
4.274
3.988
4.026
4.137
4.075
4.090
4.071
4.116
4.045
4.097
4.140
4.100
4.084
4.070
4.173
4.025
4.085
4.135
4.011
4.145
4.106
4.070
4.029
4.172
4.106
4.054
4.092
4.132
4.115
4.052
4.127
4.025
4.124
4.096
4.155
4.040
4.046
4.153
4.075
4.190
4.027
4.057
4.101
4.082
4.135
4.071
4.097
4.095
4.057
4.122
4.114
4.078
4.124
3.989
4.162
4.034
4.163
4.062
4.057
4.168
4.083
4.079
4.093
4.089
4.127
4.069
4.116
4.059
4.099
4.138
4.058
4.029
4.140
4.101
4.107
4.033
4.153
4.133
4.058
4.048
4.077
4.114
4.131
4.144
4.034
4.031
4.156
4.087
4.092
4.122
4.077
4.091
4.101
4.118
4.048
4.087
4.110
4.070
4.133
4.061
4.266
3.962
3.988
4.123
4.142
4.110
4.000
4.112
4.237
3.959
4.078
4.134
4.122
4.058
4.103
4.069
4.126
4.164
4.023
4.138
4.069
4.059
4.120
4.080
4.073
4.137
4.065
4.101
4.036
4.147
4.038
4.102
4.094
4.100
4.101
4.108
4.077
4.143
4.044
4.144
4.084
4.014
4.118
4.137
4.108
4.103
4.012
4.142
4.130
4.024
4.171
4.007
4.160
4.038
4.143
4.084
4.057
4.102
4.144
4.089
4.079
4.110
4.091
4.076
4.074
4.109
4.018
4.172
4.076
4.074
4.121
4.064
4.094
4.065
4.172
4.080
4.079
4.061
4.071
4.163
4.129
4.090
4.019
4.166
4.033
4.068
4.107
4.163
4.048
4.063
4.177
4.035
4.116
4.034
4.155
4.019
4.160
4.088
4.104
4.088
4.015
4.216
4.075
4.049
4.094
4.067
4.136
4.072
4.117
4.100
4.075
4.116
4.064
4.092
4.096
4.109
4.090
4.059
4.137
4.092
4.082
4.104
4.034
4.122
4.047
4.166
4.040
4.086
4.148
4.099
4.023
4.132
4.079
4.052
4.118
4.129
4.073
4.115
4.105
4.040
4.154
4.082
4.121
4.077
4.082
4.201
3.950
4.080
4.175
4.019
4.080
4.144
4.086
4.122
4.011
4.171
4.059
4.099
4.074
4.092
4.092
4.127
4.071
4.118
4.121
4.096
4.057
4.269
3.925
4.095
4.076
4.049
4.152
4.053
4.045
4.191
4.015
4.158
4.105
4.080
4.098
4.108
4.087
4.147
4.049
4.083
4.099
4.056
4.090
4.102
4.101
4.102
4.092
4.055
4.148
4.104
4.108
4.049
4.035
4.115
4.123
4.110
4.129
3.968
4.194
4.054
4.087
4.094
4.129
4.101
4.063
4.144
4.068
4.095
4.098
4.059
4.130
4.122
4.035
4.148
4.015
4.140
4.075
4.108
4.091
4.034
4.152
4.118
4.068
4.085
4.091
4.057
4.096
4.076
4.104
4.099
4.140
4.040
4.123
4.110
4.148
4.033
4.033
4.133
4.123
4.105
4.101
4.022
4.215
4.022
4.097
4.151
4.153
4.000
4.068
4.082
4.087
4.114
4.118
4.083
4.063
4.134
4.070
4.104
4.060
4.109
4.052
4.141
4.089
4.073
4.039
4.141
4.109
4.109
4.035
4.127
4.126
4.092
4.076
4.057
4.111
4.092
4.106
4.083
4.106
4.114
4.082
4.073
4.150
4.064
4.105
4.004
4.137
4.133
4.081
4.027
4.099
4.161
4.146
4.029
4.165
4.015
4.071
4.099
4.125
4.093
4.087
4.071
4.142
4.023
4.132
4.037
4.114
4.061
4.145
4.106
4.097
4.034
4.070
4.100
4.098
4.183
4.066
4.050
4.154
4.093
4.084
4.060
4.147
4.071
4.102
4.119
4.084
4.050
4.080
4.117
4.061
4.057
4.098
4.169
4.056
4.116
4.151
4.045
4.041
4.083
4.143
4.120
4.058
4.103
4.111
4.137
4.035
4.091
4.056
4.124
4.119
4.079
4.081
4.187
4.027
4.085
4.029
4.141
4.102
4.139
4.071
4.041
4.117
4.154
4.049
5.819
2.279
4.135
4.071
4.140
4.094
4.077
4.173
4.044
4.087
4.092
4.219
3.963
4.086
4.106
4.098
4.092
4.080
4.060
4.121
4.043
4.133
4.111
4.043
4.087
4.104
4.081
4.126
4.078
4.097
4.135
4.115
4.078
4.059
4.133
4.029
4.150
4.104
4.063
4.103
4.065
4.130
4.060
4.124
4.136
3.984
4.103
4.158
4.115
4.065
4.040
4.128
4.047
4.129
4.114
4.106
4.034
4.132
4.123
4.080
4.029
4.172
4.021
4.148
4.112
4.075
4.098
4.069
4.122
4.086
4.086
4.086
4.067
4.148
4.038
4.169
4.010
4.175
4.072
4.115
4.048
4.117
4.108
4.050
4.130
4.071
4.120
4.070
4.270
3.850
4.166
4.106
4.010
4.092
4.085
4.105
4.161
4.022
4.110
4.088
4.137
4.055
4.100
4.157
4.094
4.073
4.112
4.113
3.993
4.110
4.141
4.040
4.126
4.053
4.154
4.084
4.059
4.114
4.068
4.130
4.081
4.063
4.143
4.073
4.105
4.173
4.037
4.062
4.093
4.102
4.084
4.116
4.076
4.080
4.125
4.073
4.121
4.070
4.092
4.084
4.113
4.087
4.093
4.039
4.148
4.072
4.061
4.154
4.117
4.037
4.056
4.115
4.131
4.091
4.087
4.114
4.082
4.059
4.163
4.031
4.097
4.100
4.157
4.035
4.046
4.106
4.082
4.189
4.028
4.110
4.045
4.160
4.009
4.134
4.065
4.137
4.089
4.136
4.084
4.041
4.132
4.082
4.095
4.099
4.030
4.085
4.151
4.056
4.141
4.110
4.101
4.021
4.083
4.152
4.066
4.068
4.167
4.095
4.090
4.077
4.066
4.120
4.109
4.094
4.072
4.093
4.097
4.121
4.090
4.000
4.178
4.086
4.037
4.096
4.090
4.098
4.130
4.133
4.046
4.069
4.199
4.103
4.008
4.054
4.089
4.134
4.031
4.151
4.133
4.048
4.092
4.084
4.137
4.103
4.088
4.083
4.050
4.141
4.015
4.180
4.134
3.966
4.159
4.024
4.099
4.157
4.085
4.099
4.093
4.100
4.083
4.110
4.101
4.097
4.073
4.105
4.119
4.042
4.059
4.136
4.106
4.109
4.067
4.086
4.113
4.065
4.120
4.083
4.088
4.102
4.091
4.088
4.113
4.044
4.066
4.114
4.088
4.151
4.085
4.097
4.012
4.155
4.097
4.113
4.097
4.036
4.106
4.096
4.115
4.097
4.055
4.140
4.091
4.063
4.214
4.083
4.026
4.076
4.090
4.078
4.137
4.036
4.111
4.088
4.113
4.119
4.080
4.017
4.144
4.150
4.071
4.072
4.031
4.133
4.084
4.066
4.174
4.045
4.114
4.087
4.126
4.012
4.116
4.119
4.048
4.135
4.122
4.073
4.077
4.077
4.096
4.127
4.097
4.056
4.060
4.109
4.192
4.004
4.110
4.068
4.106
4.118
4.092
4.109
4.125
4.076
4.073
4.117
4.027
4.126
4.110
4.109
4.083
4.076
4.094
4.059
4.053
4.208
4.087
4.063
4.110
4.026
4.107
4.139
4.123
4.013
4.150
4.144
4.009
4.091
4.115
4.106
4.073
4.114
4.098
4.090
4.078
4.098
4.072
4.121
4.283
3.907
4.017
4.108
4.133
4.052
4.091
4.066
4.167
4.035
4.158
4.106
4.099
4.126
4.049
4.076
4.106
4.085
4.049
4.156
4.020
4.101
4.158
4.183
4.013
4.026
4.129
4.110
4.066
4.203
3.941
4.150
4.064
4.073
4.192
4.057
4.106
4.057
4.114
4.067
4.141
4.078
4.101
4.077
4.106
4.088
4.050
4.111
4.130
4.022
4.140
4.036
4.115
4.109
4.107
4.111
4.095
4.021
4.144
4.045
4.241
3.974
4.118
4.073
4.112
4.128
4.062
4.119
4.057
4.104
4.110
4.059
4.130
4.065
4.054
4.098
4.146
4.080
4.047
4.088
4.128
4.163
4.047
4.106
4.077
4.108
4.081
4.144
4.076
4.054
4.105
4.086
4.121
4.059
4.128
4.094
4.018
4.149
4.090
4.076
4.063
4.079
4.191
4.049
4.104
4.070
4.056
4.139
4.101
4.085
4.125
4.005
4.144
4.093
4.129
4.023
4.128
4.103
4.041
4.113
4.089
4.156
4.052
4.094
4.051
4.147
4.071
4.110
4.038
4.089
4.136
4.101
4.051
4.157
4.051
4.073
4.142
4.104
4.116
4.050
4.116
4.103
4.045
4.131
4.078
4.068
4.123
4.026
4.164
4.099
3.997
4.115
4.092
4.090
4.169
4.028
4.161
4.081
4.120
4.103
4.061
4.031
4.144
4.097
4.081
4.141
4.060
4.065
4.229
4.009
4.055
4.110
4.031
4.162
4.097
4.165
3.957
4.077
4.164
4.074
4.089
4.063
4.097
4.103
4.130
4.071
4.119
4.066
4.102
4.060
4.148
4.068
4.127
4.077
4.037
4.171
4.156
3.972
4.114
4.054
4.164
4.053
4.118
4.073
4.126
4.015
4.125
4.101
4.115
4.095
4.119
4.078
4.120
4.066
4.062
4.172
3.984
4.200
4.034
4.051
4.102
4.099
4.087
4.136
4.049
4.084
4.072
4.213
4.038
4.122
4.040
4.079
4.139
4.098
4.027
4.116
4.082
4.124
4.068
4.098
4.075
4.152
4.023
4.098
4.108
4.120
4.100
4.053
4.129
4.122
4.070
4.068
4.076
4.105
4.136
4.057
4.070
4.169
4.039
4.096
4.073
4.099
4.138
4.059
4.109
4.037
4.146
4.093
4.084
4.167
4.004
4.112
4.077
4.105
4.117
4.047
4.121
4.148
4.069
4.005
4.145
4.118
4.062
4.138
4.068
4.112
4.089
4.111
4.199
3.988
4.098
3.997
4.295
3.914
4.101
4.100
4.089
4.059
4.062
4.126
4.075
4.097
4.077
4.177
4.033
4.103
4.068
4.089
4.109
4.083
4.088
4.145
4.143
4.097
4.013
4.106
4.094
4.046
4.116
4.115
4.122
4.057
4.089
4.073
4.108
4.133
4.113
4.099
4.112
4.055
4.115
4.116
4.073
4.103
4.015
4.165
4.059
4.095
4.115
4.093
4.099
4.052
4.213
4.000
4.121
4.046
4.073
4.263
4.024
4.024
4.098
4.077
4.062
4.147
4.100
4.113
4.005
4.165
4.106
4.091
4.116
4.053
4.122
4.053
4.094
4.108
4.103
4.076
4.050
4.153
4.093
4.059
4.094
4.158
4.052
4.112
4.070
4.110
4.067
4.095
4.070
4.148
4.045
4.102
4.097
4.072
4.099
4.102
4.076
4.097
4.110
4.112
4.104
4.121
4.163
3.964
4.132
4.093
4.103
4.071
4.100
4.097
4.074
4.086
4.115
4.103
4.041
4.123
4.090
4.065
4.145
4.048
4.102
4.081
4.133
4.136
4.049
4.048
4.161
4.085
4.114
4.062
4.035
4.146
4.108
4.073
4.096
4.097
4.093
4.098
4.136
4.044
4.107
4.076
4.082
4.120
4.121
4.066
4.084
4.047
4.061
4.104
4.097
4.122
4.078
4.144
4.167
4.151
4.001
4.049
4.034
4.137
4.052
4.141
4.088
4.096
4.044
4.138
4.107
4.063
4.142
4.040
4.155
4.035
4.108
4.132
4.071
4.185
3.995
4.098
4.088
4.101
4.059
4.083
4.174
4.060
4.056
4.124
4.082
4.103
4.105
4.110
4.072
4.031
4.188
4.064
4.134
4.008
4.141
4.087
4.117
4.069
4.119
4.015
4.141
4.088
4.102
4.079
4.106
4.034
4.127
4.151
4.022
4.105
4.123
4.104
4.074
4.100
4.112
4.120
3.999
4.151
4.101
4.088
4.030
4.104
4.154
4.068
4.095
4.188
4.057
4.037
4.114
4.115
4.064
4.109
4.080
4.052
4.154
4.063
4.061
4.134
4.053
4.123
4.091
4.129
4.066
4.048
4.071
4.117
4.203
4.077
4.003
4.137
4.058
4.075
4.162
4.090
4.072
4.144
4.056
4.042
4.128
4.129
4.054
4.116
4.094
4.079
4.075
4.039
4.145
4.144
4.129
4.064
3.985
4.118
4.135
4.109
4.077
4.102
4.120
4.043
4.120
4.084
4.105
4.106
4.016
4.154
4.092
4.091
4.049
4.080
4.296
3.968
4.203
3.958
4.016
4.100
4.093
4.112
4.148
4.057
4.197
3.964
4.142
4.098
4.080
4.105
4.094
4.050
4.138
4.100
4.088
4.055
4.137
4.011
4.166
4.100
4.057
4.117
4.110
4.097
4.077
4.105
4.077
4.102
4.145
3.987
4.118
4.161
4.097
4.050
4.082
4.122
4.090
4.049
4.168
4.058
4.130
4.066
4.056
4.128
4.089
4.031
4.204
4.004
4.145
4.052
4.105
4.126
4.204
3.959
4.103
4.075
4.085
4.154
4.062
4.056
4.107
4.110
4.088
4.078
4.084
4.148
4.028
4.123
4.048
4.113
4.129
4.082
4.097
4.125
4.040
4.088
4.128
4.069
4.104
4.097
4.110
4.052
4.116
4.100
4.095
4.140
4.058
4.089
4.114
4.074
4.123
3.999
4.124
4.127
4.079
4.108
4.045
4.091
4.238
3.966
4.109
4.077
4.071
4.152
4.077
4.090
4.048
4.111
4.117
4.098
4.094
4.090
4.067
4.135
4.068
4.080
4.055
4.161
4.034
4.180
3.999
4.174
4.067
4.049
4.148
4.102
4.077
4.108
4.068
4.084
4.110
4.070
4.138
4.065
4.103
4.098
4.083
4.084
4.251
3.976
4.062
4.081
4.046
4.107
4.062
4.090
4.114
4.152
4.086
4.101
4.137
4.027
4.111
4.095
4.103
4.086
4.076
4.091
4.123
4.050
4.143
4.103
4.005
4.109
4.145
4.089
4.109
4.017
4.167
4.109
4.069
4.169
3.966
4.098
4.111
4.109
4.058
4.066
4.191
4.043
4.133
4.085
4.093
4.070
4.082
4.140
4.070
4.089
4.107
4.035
4.108
4.149
4.126
4.059
3.999
4.096
4.127
4.100
4.113
4.106
4.058
4.124
4.066
4.123
4.068
4.087
4.137
4.084
4.055
4.099
4.117
4.081
4.040
4.192
4.065
4.137
3.999
4.165
4.051
4.092
4.091
4.094
4.136
4.156
4.024
4.072
4.098
4.094
4.093
4.095
4.124
4.054
4.106
4.054
4.143
4.089
4.111
4.054
4.064
4.138
4.106
4.087
4.082
4.021
4.241
4.020
4.124
4.060
4.085
4.106
4.045
4.121
4.108
4.236
3.964
4.089
4.078
4.115
4.081
4.081
4.048
4.164
4.077
4.085
4.124
4.080
4.060
4.144
4.067
4.087
4.058
4.129
4.094
4.028
4.151
4.148
4.007
4.123
4.098
4.083
4.056
4.158
4.048
4.113
4.114
4.074
4.148
3.970
4.304
3.906
4.102
4.082
4.120
4.137
4.070
4.109
4.114
4.078
4.081
4.091
4.096
4.098
4.094
4.092
4.101
4.076
4.113
4.110
4.070
4.036
4.132
4.082
4.226
4.039
3.988
4.146
4.083
4.084
4.110
4.106
4.060
4.088
4.129
4.083
4.097
4.078
4.074
4.121
4.128
4.063
4.046
4.130
4.110
4.073
4.017
4.163
4.072
4.078
4.207
4.046
4.048
4.076
4.095
4.126
4.137
4.051
4.105
4.090
4.128
4.097
4.093
4.085
4.065
4.112
4.089
4.078
4.030
4.183
4.038
4.166
4.001
4.180
4.045
4.076
4.120
4.037
4.147
4.119
4.124
4.127
3.995
4.076
4.126
4.119
4.077
4.100
4.090
4.068
4.124
4.083
4.077
4.141
4.051
4.102
4.110
4.025
4.138
4.086
4.090
4.090
4.122
4.016
4.160
4.097
4.048
4.135
4.091
4.107
4.064
4.086
4.131
4.088
4.083
4.067
4.137
4.074
4.060
4.079
4.122
4.132
4.093
4.175
3.955
4.139
4.098
4.042
4.118
4.117
4.084
4.100
4.075
4.077
4.132
4.128
4.058
4.091
4.092
4.092
4.095
4.067
4.125
4.093
4.067
4.053
4.074
4.100
4.095
4.174
4.088
4.050
4.069
4.072
4.208
4.037
4.057
4.175
4.063
4.092
4.097
4.100
4.077
4.064
4.139
4.127
4.059
4.078
4.051
4.160
4.070
4.095
4.145
4.037
4.208
4.031
4.056
4.089
4.097
4.075
4.110
4.111
4.075
4.105
4.065
4.121
4.101
4.004
4.163
4.114
4.011
4.146
4.107
4.097
4.098
4.027
4.220
3.968
4.132
4.120
4.024
4.135
4.099
4.081
4.069
4.172
4.028
4.097
4.090
4.050
4.110
4.205
3.981
4.182
4.089
4.080
4.062
4.135
4.069
4.127
4.044
4.094
4.065
4.172
4.067
4.078
4.076
4.087
4.107
4.059
4.165
4.081
4.033
4.145
4.114
4.058
4.103
4.095
4.124
4.029
4.115
4.140
4.054
4.092
4.047
4.148
4.049
4.082
4.069
4.152
4.124
4.031
4.083
4.098
4.125
4.061
4.146
4.110
4.061
4.124
4.079
4.088
4.108
4.089
4.109
4.077
4.033
4.143
4.083
4.162
3.990
4.083
4.173
4.081
4.155
4.033
4.106
4.063
4.059
4.116
4.049
4.145
4.093
4.106
4.106
4.089
4.068
4.112
4.052
4.145
4.074
4.057
4.296
3.899
4.118
4.056
4.098
4.068
4.112
4.131
4.188
3.971
4.148
4.112
4.068
4.058
4.069
4.153
4.074
4.095
4.031
4.173
4.095
4.071
4.108
4.039
4.107
4.097
4.131
4.037
4.095
4.210
4.028
4.045
4.174
4.023
4.103
4.072
4.092
4.099
4.119
4.156
4.063
4.071
4.094
4.089
4.104
4.054
4.156
4.120
3.992
4.124
4.118
4.194
4.000
4.077
4.036
4.116
4.076
4.168
4.019
4.111
4.109
4.097
4.078
4.129
4.039
4.103
4.043
4.101
4.169
4.085
4.109
4.102
4.004
4.125
4.108
4.142
4.086
4.007
4.162
4.072
4.147
4.025
4.146
4.020
4.112
4.167
4.057
4.085
4.039
4.116
4.141
4.139
4.009
4.134
4.020
4.147
4.103
4.096
4.089
4.045
4.150
4.022
4.238
4.013
4.082
4.023
4.171
4.110
4.073
4.048
4.090
4.132
4.102
4.092
4.083
4.109
4.047
4.132
4.085
4.103
4.088
4.049
4.140
4.153
4.048
4.073
4.048
4.120
4.095
4.119
4.106
4.084
4.056
4.101
4.103
4.099
4.086
4.126
4.017
4.125
4.130
4.007
4.112
4.074
4.165
4.026
4.105
4.134
4.050
4.112
4.120
4.130
4.141
4.037
4.097
4.051
4.118
4.115
4.026
4.118
4.103
4.086
4.087
4.122
4.133
4.029
4.080
4.075
4.134
4.097
4.049
4.103
4.130
4.104
4.095
4.161
4.001
4.123
4.074
4.124
4.066
4.103
4.084
4.093
4.096
4.075
4.130
4.022
4.153
4.091
4.084
4.088
4.056
4.129
4.100
4.204
4.041
3.978
4.125
4.122
4.084
4.073
4.054
4.159
4.083
4.124
4.037
4.153
4.052
4.123
4.085
4.064
4.129
4.039
4.099
4.077
4.143
4.165
4.041
4.041
4.125
4.118
4.071
4.111
4.095
4.073
4.123
4.113
4.073
4.066
4.134
4.002
4.107
4.155
4.082
4.077
4.059
4.133
4.118
4.061
4.092
4.061
4.134
4.042
4.078
4.164
4.048
4.143
4.191
3.977
4.135
4.079
4.111
4.062
4.102
4.036
4.115
4.135
4.083
4.058
4.147
4.073
4.118
4.061
4.103
4.093
4.130
3.981
4.105
4.161
4.107
4.084
4.060
4.145
4.085
4.058
4.042
4.126
4.109
4.100
4.055
4.103
4.113
4.126
4.042
4.072
4.275
3.928
4.091
4.047
4.157
4.059
4.289
3.879
4.164
4.050
4.069
4.098
4.158
4.088
4.034
4.096
4.133
4.118
4.048
4.073
4.169
4.050
4.058
4.099
4.101
4.168
4.016
4.085
4.092
4.100
4.106
4.060
4.099
4.168
4.044
4.078
4.099
4.162
4.050
4.145
4.034
4.154
4.042
4.067
4.062
4.163
4.095
4.076
4.069
4.133
4.076
4.103
4.050
4.088
4.155
4.019
4.075
4.168
4.049
4.163
4.033
4.125
4.124
3.979
4.155
4.115
4.044
4.118
4.075
4.135
4.071
4.088
4.125
4.036
4.148
4.050
4.113
4.163
4.057
4.050
4.074
4.145
4.079
4.069
4.154
4.054
4.065
4.072
4.158
4.096
4.108
4.127
4.047
4.093
4.130
4.077
4.073
4.048
4.200
4.042
4.028
4.166
4.043
4.143
4.081
4.101
4.109
3.996
4.242
4.013
4.097
4.098
4.083
4.150
4.042
4.080
4.074
4.130
4.042
4.147
4.124
4.031
4.103
4.095
4.046
4.142
4.082
4.122
4.102
4.074
4.106
4.029
4.144
4.129
4.020
4.118
4.073
4.099
4.126
4.108
4.020
4.158
4.100
4.077
4.048
4.153
4.009
4.096
4.105
4.095
4.178
4.011
4.150
4.023
4.088
4.146
4.232
3.993
4.092
4.069
4.052
4.126
4.095
4.109
4.095
4.087
4.092
4.061
4.045
4.172
4.107
4.116
4.051
4.051
4.110
4.140
4.075
4.104
4.036
4.169
4.058
4.182
4.038
4.056
4.105
4.022
4.081
4.194
4.100
4.061
4.114
4.091
4.102
4.030
4.152
4.046
4.095
4.071
4.168
4.056
4.074
4.069
4.211
4.034
4.074
4.097
4.108
4.109
4.034
4.173
4.071
4.114
4.056
4.111
4.074
4.099
4.122
4.008
4.147
4.121
4.073
4.120
4.026
4.178
4.053
4.135
4.008
4.056
4.201
4.049
4.115
4.094
4.108
4.053
4.094
4.107
4.100
4.066
4.134
4.043
4.133
4.093
4.040
4.156
4.039
4.116
4.059
4.101
4.093
4.089
4.088
4.152
4.066
4.103
4.079
4.116
4.093
4.064
4.093
4.119
4.103
4.087
4.055
4.138
4.038
4.181
4.007
4.157
4.059
4.123
4.045
4.093
4.115
4.080
4.123
4.129
3.972
4.184
4.085
4.084
4.087
4.108
4.103
4.068
4.096
4.080
4.148
4.045
4.066
4.132
4.135
3.990
4.088
4.080
4.193
4.121
4.104
4.051
4.210
3.896
4.111
4.148
4.079
4.141
4.075
4.105
4.068
4.017
4.089
4.108
4.139
4.044
4.159
4.092
4.086
4.040
4.186
4.078
4.064
4.126
4.006
4.144
4.091
4.113
4.052
4.052
4.168
4.152
4.024
4.095
4.097
4.121
4.041
4.137
4.072
4.130
4.064
4.090
4.121
4.064
4.114
4.103
4.028
4.127
4.112
4.075
4.118
4.032
4.177
4.045
4.092
4.109
4.024
4.108
4.119
4.125
4.048
4.129
4.065
4.167
4.039
4.087
4.110
4.097
4.073
4.092
4.153
4.011
4.065
4.163
4.090
4.078
4.109
4.094
4.102
4.087
4.064
4.118
4.078
4.115
4.079
4.108
4.089
4.082
4.095
4.114
4.026
4.133
4.111
4.101
4.109
4.003
4.150
4.103
4.108
4.067
4.047
4.146
4.094
4.101
4.133
4.016
4.122
4.039
4.089
4.116
4.054
4.097
4.090
4.123
4.143
4.096
4.035
4.044
4.163
4.047
4.154
4.071
4.060
4.117
4.101
4.075
4.117
4.077
4.095
4.052
4.135
4.091
4.099
4.134
4.048
4.237
3.998
4.039
4.085
4.032
4.101
4.102
4.100
4.089
4.079
4.146
4.148
4.021
4.099
4.042
4.163
4.092
4.093
4.093
4.113
4.071
4.079
4.110
4.092
4.126
4.046
4.081
4.126
4.106
4.065
4.122
4.032
4.134
4.024
4.119
4.164
4.014
4.089
4.127
4.134
4.084
4.105
4.155
4.030
4.112
4.054
4.111
4.027
4.145
4.098
4.103
4.025
4.151
4.075
4.112
4.176
3.974
4.119
4.059
4.155
4.083
4.082
4.061
4.155
4.086
4.096
4.084
4.063
4.108
4.074
4.135
4.069
4.101
4.133
4.062
4.042
4.132
4.105
4.046
4.143
4.033
4.134
4.097
4.125
4.140
3.970
4.164
4.084
4.091
4.104
4.056
4.134
4.079
4.070
4.101
4.069
4.130
4.100
4.078
4.123
4.071
4.109
4.030
4.145
4.117
4.118
4.051
4.026
4.169
4.058
4.092
4.107
4.074
4.119
4.078
4.188
4.023
4.122
4.045
4.122
4.082
4.103
4.007
4.110
4.104
4.155
4.083
4.081
4.118
4.011
4.153
4.115
4.076
4.076
4.038
4.190
4.128
4.151
3.993
4.069
4.086
4.097
4.098
4.008
4.128
4.141
4.105
4.088
4.024
4.127
4.053
4.113
4.091
4.112
4.116
4.108
4.027
4.147
4.040
4.340
3.913
4.024
4.137
4.066
4.108
4.068
4.167
4.078
4.055
4.130
4.112
4.055
4.125
4.038
4.100
4.109
4.123
4.101
4.098
4.078
4.078
4.119
4.048
4.065
4.167
4.089
4.017
4.190
4.067
4.081
4.076
4.149
4.047
4.114
4.088
4.114
4.044
4.113
4.051
4.178
4.005
4.112
4.114
4.137
4.020
4.064
4.152
4.139
4.006
4.139
4.031
4.148
4.105
4.093
4.023
4.172
4.065
4.109
4.022
4.175
4.114
4.054
4.048
4.133
4.124
4.073
4.068
4.091
4.103
4.117
4.068
4.116
4.037
4.159
4.081
4.108
4.045
4.110
4.115
4.071
4.110
4.087
4.091
4.094
4.076
4.049
4.165
4.093
4.087
4.066
4.145
4.087
4.031
4.103
4.109
4.111
4.097
4.094
4.097
4.089
4.075
4.185
4.033
4.063
4.073
4.072
4.068
4.158
4.066
4.142
4.077
4.078
4.271
3.984
4.012
4.085
4.106
4.133
4.077
4.062
4.121
4.044
4.222
3.972
4.156
4.067
4.109
4.123
4.054
4.049
4.141
4.082
4.103
4.088
4.077
4.054
4.090
4.101
4.078
4.183
4.082
4.089
4.097
4.103
4.079
4.091
4.102
4.057
4.108
4.124
4.079
4.081
4.136
4.085
4.034
4.143
4.033
4.106
4.170
4.052
4.046
4.171
4.077
4.081
4.150
3.990
4.084
4.151
4.097
4.087
4.055
4.144
4.060
4.118
4.156
4.034
4.079
4.098
4.125
4.068
4.052
4.145
4.057
4.117
4.067
4.152
4.077
4.025
4.139
4.114
4.099
4.087
4.038
4.153
4.063
4.172
3.998
4.083
4.118
4.144
4.060
4.067
4.084
4.071
4.169
4.057
4.046
4.089
4.093
4.102
4.120
4.133
4.059
4.139
4.021
4.174
4.116
4.007
4.113
4.066
4.141
4.024
4.186
4.075
4.074
4.065
4.119
4.044
4.133
4.084
4.113
4.064
4.142
4.103
4.108
4.048
4.044
4.194
3.987
4.116
4.151
4.017
4.113
4.151
4.110
4.046
4.243
4.037
3.998
4.105
4.105
4.047
4.133
4.071
4.047
4.140
4.111
4.063
4.108
4.107
4.085
4.108
4.100
4.004
4.143
4.111
4.116
4.094
4.137
4.036
4.103
4.102
4.060
4.102
4.047
4.136
4.039
4.151
4.082
4.144
3.982
4.108
4.073
4.198
4.156
3.949
4.071
4.176
4.113
4.124
4.030
4.307
3.889
4.108
4.055
4.122
4.067
4.131
4.078
4.062
4.155
4.054
4.116
4.081
4.113
4.077
4.072
4.076
4.109
4.083
4.159
4.022
4.078
4.165
4.057
4.098
4.100
4.084
4.113
4.051
4.117
4.029
4.166
4.087
4.094
4.116
4.067
4.081
4.141
3.997
4.164
4.130
4.030
4.102
4.062
4.124
4.120
4.047
4.125
4.049
4.143
4.182
3.994
4.077
4.143
4.065
4.091
4.100
4.102
4.085
4.073
4.087
4.071
4.136
4.099
4.079
4.062
4.137
4.094
4.087
4.057
4.094
4.172
4.103
4.040
4.133
4.031
4.114
4.091
4.064
4.120
4.116
4.059
4.103
4.114
4.095
4.079
4.150
4.011
4.173
4.055
4.105
4.090
4.072
4.094
4.076
4.036
4.170
4.049
4.118
4.094
4.099
4.110
4.062
4.079
4.133
4.038
4.166
4.055
4.092
4.068
4.103
4.108
4.143
4.082
4.025
4.119
4.090
4.091
4.133
4.022
4.156
4.078
4.110
4.148
4.050
4.091
4.085
4.090
4.091
4.042
4.136
4.101
4.076
4.083
4.094
4.071
4.081
4.105
4.149
4.106
4.077
4.051
4.079
4.147
4.151
4.039
4.031
4.139
4.104
4.087
4.101
4.095
4.145
4.024
4.068
4.176
4.057
4.052
4.064
4.163
4.008
4.108
4.084
4.138
4.106
4.125
4.015
4.165
4.026
4.093
4.154
4.031
4.161
4.152
4.033
4.052
4.088
4.127
4.091
4.060
4.088
4.130
4.119
4.108
4.083
4.026
4.164
4.047
4.104
4.118
4.031
4.124
4.108
4.074
4.112
4.122
4.133
4.030
4.116
4.008
4.099
4.100
4.084
4.113
4.112
4.081
4.126
4.057
4.074
4.149
4.107
4.023
4.069
4.140
4.078
4.111
4.156
4.071
4.073
4.040
4.156
4.076
4.118
4.056
4.129
4.097
4.040
4.129
4.118
4.083
4.074
4.121
4.210
3.980
4.016
4.142
4.094
4.096
4.139
4.004
4.125
4.034
4.129
4.088
4.122
4.105
4.098
4.109
4.046
4.048
4.160
4.116
4.073
4.096
4.088
4.108
4.068
4.132
4.097
4.105
4.055
4.040
4.131
4.098
4.082
4.152
3.993
4.133
4.203
4.053
4.081
4.154
3.990
4.093
4.169
4.005
4.065
4.121
4.113
4.016
4.133
4.068
4.062
4.094
4.153
4.094
4.104
4.038
4.096
4.137
4.154
4.027
4.093
4.297
3.885
4.103
4.092
4.109
4.091
4.034
4.097
4.156
4.068
4.056
4.090
4.072
4.108
4.084
4.137
4.112
4.034
4.174
4.084
4.089
4.122
4.013
4.144
4.103
4.022
4.104
4.153
4.159
3.976
4.127
4.099
4.050
4.143
4.053
4.132
4.026
4.110
4.141
4.066
4.066
4.091
4.098
4.141
4.088
4.050
4.102
4.166
4.057
4.137
3.995
4.134
4.117
4.034
4.113
4.128
4.090
4.032
4.096
4.146
4.090
4.027
4.104
4.146
4.151
4.019
4.046
4.169
4.106
4.018
4.141
4.078
4.117
4.054
4.090
4.143
4.092
4.046
4.085
4.133
4.135
4.003
4.096
4.144
4.092
4.046
4.093
4.095
4.075
4.081
4.136
4.129
4.088
4.035
4.137
4.102
4.100
4.015
4.195
4.063
4.126
4.039
4.137
4.075
4.104
4.019
4.137
4.116
4.101
4.063
4.049
4.176
4.021
4.091
4.118
4.055
4.118
4.127
4.097
4.097
4.094
4.095
4.170
4.011
4.045
4.066
4.102
4.089
4.104
4.081
4.090
4.108
4.086
4.107
4.082
4.107
4.069
4.092
4.114
4.099
4.130
4.064
4.236
3.986
4.058
4.085
4.093
4.133
4.102
4.103
4.042
4.112
4.117
4.171
3.957
4.139
4.109
4.092
4.109
4.044
4.121
4.057
4.129
4.098
4.099
4.108
4.077
4.096
4.093
4.080
4.111
4.056
4.173
4.060
4.046
4.118
4.123
4.041
4.075
4.085
4.140
4.021
4.181
4.071
4.112
4.115
4.034
4.129
4.106
4.082
4.082
4.044
4.137
4.118
4.075
4.168
4.025
4.129
4.049
4.112
4.113
4.076
4.075
4.088
4.088
4.113
4.138
3.982
4.115
4.109
4.112
4.050
4.121
4.067
4.151
4.044
4.193
4.049
4.077
4.099
4.080
4.092
4.077
4.124
4.095
4.148
4.035
4.095
4.089
4.093
4.092
4.112
4.094
4.041
4.134
4.024
4.152
4.137
4.056
4.073
4.060
4.110
4.127
4.106
4.072
4.098
4.094
4.127
4.067
4.114
4.075
4.103
4.046
4.062
4.130
4.105
4.107
4.010
4.210
4.069
4.047
4.124
4.064
4.176
3.981
4.162
4.082
4.087
4.133
4.039
4.129
4.078
4.102
4.096
4.085
4.088
4.064
4.046
4.110
4.114
4.142
4.061
4.134
4.070
4.068
4.147
4.071
4.092
4.128
4.157
3.951
4.317
3.922
4.093
4.095
4.082
4.136
4.047
4.067
4.146
4.069
4.051
4.167
4.061
4.103
4.088
4.025
4.205
4.063
4.073
4.085
4.047
4.227
4.032
4.086
4.103
4.095
4.072
4.113
4.107
4.063
4.189
4.029
4.103
4.056
4.069
4.110
4.105
4.032
4.143
4.150
4.075
4.051
4.054
4.120
4.175
4.034
4.123
4.036
4.118
4.078
4.191
4.046
4.057
4.091
4.092
4.099
4.088
4.091
4.103
4.055
4.138
4.085
4.103
4.078
4.050
4.143
4.015
4.110
4.162
4.055
4.169
4.081
4.014
4.148
4.108
4.024
4.125
4.128
4.088
4.056
4.141
4.058
4.145
4.012
4.097
4.142
4.044
4.141
4.061
4.121
4.041
4.147
4.207
3.965
4.066
4.134
4.024
4.191
4.034
4.110
4.115
4.066
4.074
4.153
4.015
4.137
4.084
4.097
4.016
4.151
4.110
4.097
4.067
4.134
4.067
4.058
4.128
4.085
4.052
4.153
4.038
4.087
4.165
4.080
4.113
4.058
4.114
4.059
4.140
4.067
4.066
4.096
4.086
4.090
4.164
4.026
4.145
4.089
4.081
4.065
4.072
4.153
4.094
4.121
4.063
4.048
4.127
4.154
4.077
4.049
4.108
4.111
4.039
4.117
4.113
4.053
4.132
4.036
4.141
4.083
4.102
4.100
4.041
4.296
3.971
4.103
4.001
4.073
4.151
4.071
4.125
4.058
4.125
4.082
4.097
4.087
4.049
4.174
4.044
4.116
4.094
4.104
4.071
4.070
4.065
4.100
4.132
4.107
4.090
4.073
4.115
4.090
4.077
4.044
4.189
4.093
4.162
3.933
4.159
4.110
4.090
4.062
4.084
4.144
4.092
4.064
4.057
4.183
4.061
4.088
4.062
4.083
4.102
4.127
4.109
4.063
4.061
4.197
3.990
4.101
4.169
4.056
4.096
4.054
4.143
4.065
4.096
4.115
4.047
4.121
4.107
4.099
4.043
4.081
4.078
4.087
4.161
4.103
4.095
4.086
4.039
4.194
4.059
4.100
4.073
4.150
4.020
4.103
4.093
4.092
4.052
4.158
4.071
4.099
4.032
4.122
4.123
4.112
4.080
4.081
4.030
4.162
4.145
4.039
4.089
4.090
4.112
4.079
4.109
4.137
4.045
4.111
4.043
4.156
4.080
4.004
4.087
4.098
4.125
4.062
4.108
4.071
4.093
4.110
4.123
4.130
4.073
4.060
4.161
4.115
4.112
3.964
4.285
3.923
4.131
4.087
4.072
4.140
4.076
4.101
4.075
4.086
4.208
4.027
4.025
4.125
4.116
4.018
4.161
4.037
4.067
4.144
4.091
4.138
4.044
4.078
4.136
4.069
4.099
4.119
4.052
4.108
4.113
4.059
4.123
4.085
4.042
4.188
4.034
4.077
4.119
4.063
4.185
4.046
4.093
4.097
4.038
4.152
4.091
4.049
4.127
4.204
4.072
3.983
4.060
4.144
4.101
4.105
4.147
4.019
4.107
4.084
4.106
4.063
4.130
4.079
4.037
4.100
4.079
4.148
4.073
4.127
4.060
4.114
4.036
4.149
4.082
4.098
4.094
4.109
4.101
4.071
4.077
4.095
4.162
3.979
4.166
4.087
4.119
4.062
4.044
4.171
4.075
4.087
4.178
3.962
4.103
4.103
4.115
4.117
4.074
4.110
4.090
4.094
4.092
4.128
4.059
4.035
4.106
4.119
4.113
4.081
4.044
4.166
4.095
4.116
4.003
4.087
4.156
4.088
4.083
4.108
4.071
4.111
4.098
4.092
4.092
4.086
4.094
4.123
4.066
4.088
4.132
4.003
4.076
4.120
4.100
4.066
4.103
4.143
4.101
4.089
4.113
4.074
4.060
4.103
4.060
4.104
4.160
4.114
4.040
4.077
4.126
4.219
3.908
4.115
4.105
4.240
3.956
4.102
4.110
4.014
4.102
4.113
4.065
4.098
4.088
4.175
4.080
4.081
4.101
4.088
4.095
4.089
4.114
4.082
4.041
4.115
4.086
4.081
4.143
4.088
4.143
3.999
4.113
4.114
4.103
4.031
4.148
4.095
4.109
4.069
4.081
4.106
4.095
4.094
4.108
4.082
4.172
4.042
4.080
4.034
4.148
4.058
4.109
4.087
4.108
4.070
4.141
4.075
4.037
4.144
4.074
4.125
4.053
4.103
4.119
4.105
4.108
4.171
3.984
4.097
4.104
4.104
4.063
4.109
4.086
4.060
4.130
4.096
4.095
4.091
4.036
4.135
4.099
4.124
4.063
4.043
4.141
4.071
4.168
4.059
4.075
4.108
4.074
4.103
4.111
4.075
4.084
4.074
4.120
4.067
4.133
4.094
4.061
4.118
4.118
4.050
4.102
4.068
4.133
4.098
4.078
4.096
4.051
4.125
4.107
4.095
4.099
4.090
4.100
4.154
4.021
4.081
4.053
4.150
4.115
4.046
4.121
4.046
4.085
4.074
4.159
4.036
4.101
4.087
4.102
4.127
4.099
4.080
4.130
4.079
4.162
4.022
4.259
3.933
4.079
4.095
4.059
4.097
4.152
4.226
3.934
4.056
4.125
4.081
4.061
4.156
4.028
4.160
4.055
4.058
4.080
4.203
4.037
4.101
4.093
4.102
4.085
4.104
4.116
4.055
4.106
4.081
4.101
4.121
4.090
4.068
4.075
4.067
4.097
4.141
4.077
4.126
4.146
3.997
4.131
4.061
4.107
4.101
4.096
4.076
4.102
4.102
4.206
3.963
4.092
4.122
4.072
4.088
4.107
4.065
4.062
4.133
4.115
4.061
4.078
4.093
4.126
4.079
4.105
4.081
4.068
4.135
4.099
4.163
4.027
4.107
4.073
4.095
4.105
4.099
4.052
4.129
4.054
4.105
4.136
4.114
4.052
4.046
4.077
4.136
4.073
4.086
4.098
4.102
4.153
4.093
4.061
4.114
4.103
4.075
4.047
4.090
4.112
4.118
4.071
4.090
4.124
4.081
4.089
4.076
4.103
4.070
4.054
4.135
4.036
4.199
4.165
4.006
4.077
4.077
4.055
4.118
4.255
3.988
4.044
4.107
4.093
4.100
4.037
4.141
4.092
4.052
4.114
4.114
4.168
3.970
4.115
4.087
4.062
4.110
4.121
4.051
4.120
4.132
4.037
4.086
4.098
4.096
4.166
4.090
4.053
4.186
3.993
4.135
4.113
4.098
4.061
4.116
4.095
4.108
4.107
4.041
4.112
4.027
4.166
4.079
4.105
4.154
4.026
4.062
4.124
4.095
4.091
4.115
4.035
4.086
4.164
4.018
4.134
4.136
3.989
4.104
4.143
4.117
4.064
4.058
4.152
4.062
4.100
4.103
4.052
4.120
4.089
4.103
4.109
4.124
4.048
4.080
4.087
4.119
4.078
4.083
4.113
4.103
4.109
4.084
4.065
4.064
4.148
4.121
4.067
4.085
4.039
4.127
4.089
4.127
4.089
4.046
4.088
4.159
3.995
4.110
4.151
4.099
4.090
4.117
4.072
4.071
4.131
4.007
4.187
4.069
4.097
4.098
4.008
4.166
4.096
4.090
4.032
4.099
4.200
4.028
4.093
4.116
4.072
4.148
4.038
4.115
4.104
4.069
4.066
4.120
4.110
4.079
4.215
4.013
4.007
4.124
4.097
4.091
4.055
4.143
4.087
4.108
4.076
4.090
4.101
4.114
4.081
4.105
4.065
4.082
4.072
4.138
4.094
4.089
4.091
4.056
4.070
4.154
4.053
4.079
4.138
4.041
4.098
4.154
4.099
4.059
4.070
4.146
4.082
4.049
4.187
4.007
4.147
4.062
4.135
4.084
4.074
4.080
4.086
4.143
4.086
4.106
4.071
4.045
4.135
4.104
4.091
4.077
4.050
4.156
4.116
4.113
4.056
4.052
4.105
4.088
4.117
4.070
4.124
4.091
4.107
4.102
4.056
4.113
4.112
4.015
4.154
4.077
4.121
4.047
4.083
4.088
4.172
4.007
4.145
4.060
4.114
4.104
4.098
4.076
4.153
4.046
4.073
4.181
4.060
4.050
4.073
4.080
4.131
4.150
3.955
4.185
4.004
4.195
4.049
4.067
4.093
4.054
4.164
4.106
4.090
4.094
4.078
4.179
4.026
4.078
4.114
4.108
4.055
4.138
4.064
4.114
4.079
4.039
4.103
4.099
4.139
4.097
4.081
4.036
4.181
4.094
4.066
4.061
4.176
4.047
4.073
4.062
4.084
4.133
4.102
4.057
4.111
4.100
4.072
4.057
4.111
4.105
4.132
4.057
4.082
4.074
4.165
4.037
4.103
4.147
4.039
4.084
4.076
4.098
4.180
4.058
4.073
4.063
4.166
4.064
4.069
4.061
4.105
4.159
4.030
4.154
4.063
4.074
4.073
4.117
4.131
4.076
4.058
4.081
4.128
4.093
4.066
4.088
4.167
4.044
4.075
4.110
4.117
4.048
4.110
4.115
4.071
4.089
4.103
4.102
4.094
4.161
4.020
4.133
4.017
4.154
4.088
4.124
4.094
4.029
4.097
4.210
4.036
4.010
4.096
4.171
4.044
4.127
4.046
4.079
4.113
4.094
4.136
4.060
4.110
4.159
3.983
4.158
4.091
4.067
4.081
4.093
4.168
4.060
4.093
4.083
4.076
4.095
4.094
4.104
4.102
4.100
4.061
4.108
4.095
4.100
4.014
4.145
4.055
4.178
4.088
4.224
3.965
4.055
4.090
4.116
4.099
4.072
4.047
4.093
4.118
4.135
4.063
4.128
4.090
4.024
4.143
4.062
4.136
4.069
4.111
4.069
4.145
4.087
4.089
4.036
4.157
4.072
4.038
4.103
4.093
4.145
4.082
4.106
4.085
4.027
4.119
4.106
4.053
4.103
4.152
4.092
4.110
4.086
4.075
4.114
4.079
4.052
4.120
4.115
4.064
4.090
4.090
4.120
4.053
4.195
4.038
4.053
4.099
4.102
4.128
4.096
4.067
4.098
4.115
4.074
4.067
4.126
4.095
4.039
4.145
4.098
4.092
4.081
4.038
4.123
4.103
4.044
4.088
4.114
4.163
4.112
4.008
4.147
4.105
4.082
4.165
4.038
4.259
3.905
4.131
4.082
4.086
4.069
4.112
4.094
4.034
4.174
4.062
4.112
4.071
4.056
4.147
4.069
4.054
4.146
4.070
4.186
3.997
4.120
4.092
4.068
4.112
4.096
4.108
4.056
4.081
4.123
4.066
4.159
4.061
4.103
4.102
4.059
4.130
4.079
4.092
4.140
4.035
4.110
4.130
4.030
4.146
4.008
4.162
4.012
4.164
4.102
4.096
4.073
4.096
4.199
3.984
4.089
4.051
4.054
4.195
4.081
4.095
4.078
4.043
4.143
4.074
4.074
4.131
4.054
4.126
4.058
4.098
4.200
4.040
4.066
4.108
4.106
4.022
4.100
4.143
4.038
4.148
4.073
4.145
4.068
4.041
4.140
4.097
4.130
4.061
4.042
4.113
4.122
4.163
4.029
4.093
4.082
4.091
4.099
4.117
4.058
4.063
4.148
4.093
4.099
4.036
4.125
4.062
4.149
4.049
4.142
4.021
4.091
4.135
4.148
4.046
4.068
4.102
4.102
4.103
4.093
4.060
4.132
4.063
4.086
4.111
4.070
4.107
4.114
4.015
4.127
4.133
4.076
4.088
4.075
4.115
4.047
4.103
4.109
4.089
4.120
4.105
4.062
4.114
4.098
4.174
4.058
4.035
4.115
4.108
4.126
4.046
4.084
4.068
4.111
4.126
4.057
4.103
4.051
4.165
4.037
4.082
4.105
4.076
4.084
4.091
4.148
4.042
4.095
4.093
4.064
4.118
4.085
4.097
4.074
4.108
4.093
4.094
4.073
4.116
4.080
4.107
4.073
4.103
4.103
4.099
4.072
4.152
4.045
4.075
4.092
4.112
4.101
4.079
4.090
4.106
4.093
4.072
4.097
4.109
4.106
4.082
4.074
4.131
4.078
4.069
4.163
4.072
4.094
4.066
4.080
4.118
4.044
4.109
4.110
4.066
4.111
4.093
4.093
4.084
4.100
4.089
4.103
4.090
4.105
4.105
4.096
4.055
4.125
4.114
4.082
4.061
4.102
4.090
4.078
4.115
4.105
4.080
4.068
4.087
4.142
4.078
4.074
4.119
4.093
4.060
4.156
4.046
4.129
4.087
4.094
4.057
4.119
4.093
4.072
4.111
4.101
4.089
4.070
4.077
4.138
4.067
4.074
4.100
4.107
4.088
4.084
4.094
4.092
4.150
4.064
4.071
4.104
4.085
4.097
4.049
4.137
4.084
4.081
4.087
4.099
4.136
4.038
4.106
4.108
4.080
4.102
4.107
4.086
4.071
4.107
4.101
4.286
3.893
4.093
4.073
4.097
4.073
4.122
4.091
4.096
4.094
4.121
4.067
4.108
4.086
4.068
4.089
4.119
4.086
4.112
4.099
4.120
4.082
4.095
4.063
4.074
4.146
4.033
4.168
4.060
4.091
4.061
4.130
4.092
4.065
4.087
4.102
4.096
4.132
4.057
4.129
4.067
4.210
4.041
4.035
4.135
4.073
4.104
4.061
4.117
4.089
4.079
4.104
4.092
4.088
4.129
4.008
4.157
4.092
4.085
4.098
4.031
4.159
4.134
4.045
4.107
4.044
4.135
4.083
4.112
4.104
4.075
4.071
4.075
4.070
4.103
4.068
4.165
4.085
4.189
4.069
4.042
4.073
4.061
4.168
4.075
4.068
4.088
4.095
4.126
4.061
4.061
4.115
4.082
